Total length (mm) = 50	
Gage length (mm) = 5.1	
Width (mm) = 2.21	
Thickness (mm) = 0.95	
----------	
Time (s)	Displacement (mm)	Force (N)	Eng. strain	Eng. stress (MPa)	
0.00000000	0.00000000	58.56777700	0.00000000	27.89605954	
0.10000000	0.00039290	60.25381900	0.00007704	28.69912789	
0.20000000	0.00078580	61.83140200	0.00015408	29.45053679	
0.30000000	0.00117870	63.32024600	0.00023112	30.15967897	
0.40000000	0.00157161	65.30208500	0.00030816	31.10363658	
0.50000000	0.00196451	67.33322300	0.00038520	32.07107549	
0.60000000	0.00235741	69.42352100	0.00046224	33.06669255	
0.70000000	0.00275031	71.30676100	0.00053928	33.96368707	
0.80000000	0.00314321	72.96322300	0.00061632	34.75266635	
0.90000000	0.00353611	74.71828400	0.00069336	35.58860872	
1.00000000	0.00392901	76.62124400	0.00077039	36.49499595	
1.10000000	0.00432191	78.74112100	0.00084743	37.50470160	
1.20000000	0.00471482	80.78211900	0.00092447	38.47683687	
1.30000000	0.00510772	83.01045600	0.00100151	39.53820243	
1.40000000	0.00550062	85.23879200	0.00107855	40.59956752	
1.50000000	0.00589352	87.41782900	0.00115559	41.63745130	
1.60000000	0.00628642	89.40952700	0.00123263	42.58610479	
1.70000000	0.00667932	91.52940500	0.00130967	43.59581091	
1.80000000	0.00707222	93.19572700	0.00138671	44.38948654	
1.90000000	0.00746513	95.20714500	0.00146375	45.34753275	
2.00000000	0.00785803	97.32702300	0.00154079	46.35723887	
2.10000000	0.00825093	99.28914200	0.00161783	47.29180376	
2.20000000	0.00864383	101.48789800	0.00169487	48.33907978	
2.30000000	0.00903673	103.35141800	0.00177191	49.22668159	
2.40000000	0.00942963	105.40227600	0.00184895	50.20351322	
2.50000000	0.00982253	107.45313400	0.00192599	51.18034484	
2.60000000	0.01021543	109.48427200	0.00200303	52.14778376	
2.70000000	0.01060834	111.78162800	0.00208007	53.24202334	
2.80000000	0.01100124	114.07898300	0.00215711	54.33626244	
2.90000000	0.01139414	116.05096200	0.00223414	55.27552370	
3.00000000	0.01178704	118.12154000	0.00231118	56.26174804	
3.10000000	0.01217994	120.06393900	0.00238822	57.18692022	
3.20000000	0.01257284	121.95703900	0.00246526	58.08861110	
3.30000000	0.01296574	124.23467400	0.00254230	59.17345749	
3.40000000	0.01335865	126.51231000	0.00261934	60.25830436	
3.50000000	0.01375155	128.58288800	0.00269638	61.24452870	
3.60000000	0.01414445	131.01828200	0.00277342	62.40451631	
3.70000000	0.01453735	133.14801900	0.00285046	63.41891831	
3.80000000	0.01493025	135.43551400	0.00292750	64.50846106	
3.90000000	0.01532315	137.61455100	0.00300454	65.54634484	
4.00000000	0.01571605	139.52737000	0.00308158	66.45742796	
4.10000000	0.01610895	141.66696700	0.00315862	67.47652632	
4.20000000	0.01650186	143.60936700	0.00323566	68.40169898	
4.30000000	0.01689476	145.74896400	0.00331270	69.42079733	
4.40000000	0.01728766	147.82940100	0.00338974	70.41171755	
4.50000000	0.01768056	150.16619600	0.00346678	71.52474208	
4.60000000	0.01807346	152.35509300	0.00354382	72.56732222	
4.70000000	0.01846636	154.63272800	0.00362086	73.65216861	
4.80000000	0.01885926	156.75260500	0.00369789	74.66187426	
4.90000000	0.01925217	158.68514500	0.00377493	75.58235056	
5.00000000	0.01964507	160.99236000	0.00385197	76.68128602	
5.10000000	0.02003797	163.08265700	0.00392901	77.67690260	
5.20000000	0.02043087	165.33071300	0.00400605	78.74766040	
5.30000000	0.02082377	167.05619500	0.00408309	79.56951417	
5.40000000	0.02121667	169.08733300	0.00416013	80.53695308	
5.50000000	0.02160957	171.34524800	0.00423717	81.61240676	
5.60000000	0.02200247	173.54400500	0.00431421	82.65968326	
5.70000000	0.02239538	176.02869800	0.00439125	83.84315218	
5.80000000	0.02278828	178.14857500	0.00446829	84.85285782	
5.90000000	0.02318118	180.24873300	0.00454533	85.85317123	
6.00000000	0.02357408	182.18127200	0.00462237	86.77364706	
6.10000000	0.02396698	184.56736600	0.00469941	87.91015289	
6.20000000	0.02435988	186.68724300	0.00477645	88.91985854	
6.30000000	0.02475278	189.18179600	0.00485349	90.10802382	
6.40000000	0.02514569	191.75522900	0.00493053	91.33375994	
6.50000000	0.02553859	193.77650700	0.00500757	92.29650250	
6.60000000	0.02593149	196.15274100	0.00508461	93.42831198	
6.70000000	0.02632439	197.99654100	0.00516164	94.30652108	
6.80000000	0.02671729	200.08683900	0.00523868	95.30213813	
6.90000000	0.02711019	202.03909800	0.00531572	96.23200667	
7.00000000	0.02750309	204.12939500	0.00539276	97.22762324	
7.10000000	0.02789599	206.48591000	0.00546980	98.35004049	
7.20000000	0.02828890	208.67480600	0.00554684	99.39262015	
7.30000000	0.02868180	211.13977900	0.00562388	100.56669636	
7.40000000	0.02907470	213.38783500	0.00570092	101.63745416	
7.50000000	0.02946760	215.53729200	0.00577796	102.66124887	
7.60000000	0.02986050	217.62758900	0.00585500	103.65686544	
7.70000000	0.03025340	219.66858700	0.00593204	104.62900071	
7.80000000	0.03064630	222.13356100	0.00600908	105.80307740	
7.90000000	0.03103921	224.27315800	0.00608612	106.82217576	
8.00000000	0.03143211	226.50149300	0.00616316	107.88354037	
8.10000000	0.03182501	228.97632700	0.00624020	109.06231341	
8.20000000	0.03221791	230.83984700	0.00631724	109.94991522	
8.30000000	0.03261081	233.21608100	0.00639428	111.08172470	
8.40000000	0.03300371	235.51343600	0.00647132	112.17596380	
8.50000000	0.03339661	237.58401400	0.00654836	113.16218814	
8.60000000	0.03378951	239.73347000	0.00662539	114.18598238	
8.70000000	0.03418242	241.74488900	0.00670243	115.14402905	
8.80000000	0.03457532	244.07182300	0.00677947	116.25235675	
8.90000000	0.03496822	246.09310100	0.00685651	117.21509931	
9.00000000	0.03536112	248.58765400	0.00693355	118.40326459	
9.10000000	0.03575402	250.93430900	0.00701059	119.52098547	
9.20000000	0.03614692	252.78796900	0.00708763	120.40389093	
9.30000000	0.03653982	255.31210200	0.00716467	121.60614527	
9.40000000	0.03693273	257.40239900	0.00724171	122.60176185	
9.50000000	0.03732563	259.55185600	0.00731875	123.62555656	
9.60000000	0.03771853	261.88865000	0.00739579	124.73858061	
9.70000000	0.03811143	263.70287100	0.00747283	125.60270112	
9.80000000	0.03850433	265.73400900	0.00754987	126.57014003	
9.90000000	0.03889723	267.86374500	0.00762691	127.58454156	
10.00000000	0.03929013	270.05264200	0.00770395	128.62712170	
10.10000000	0.03968303	272.47817500	0.00778099	129.78241248	
10.20000000	0.04007594	274.47973400	0.00785803	130.73576280	
10.30000000	0.04046884	276.61933000	0.00793507	131.75486068	
10.40000000	0.04086174	278.66032800	0.00801211	132.72699595	
10.50000000	0.04125464	280.76048500	0.00808915	133.72730888	
10.60000000	0.04164754	283.29447800	0.00816618	134.93425959	
10.70000000	0.04204044	285.36505500	0.00824322	135.92048345	
10.80000000	0.04243334	287.55395200	0.00832026	136.96306359	
10.90000000	0.04282624	289.61466900	0.00839730	137.94459109	
11.00000000	0.04321915	291.61622700	0.00847434	138.89794094	
11.10000000	0.04361205	293.91358200	0.00855138	139.99218004	
11.20000000	0.04400495	295.97430000	0.00862842	140.97370803	
11.30000000	0.04439785	298.25193500	0.00870546	142.05855442	
11.40000000	0.04479075	300.41125200	0.00878250	143.08704549	
11.50000000	0.04518365	302.33393100	0.00885954	144.00282496	
11.60000000	0.04557655	304.57212700	0.00893658	145.06888640	
11.70000000	0.04596946	306.89906100	0.00901362	146.17721410	
11.80000000	0.04636236	309.09781700	0.00909066	147.22449012	
11.90000000	0.04675526	311.40503200	0.00916770	148.32342558	
12.00000000	0.04714816	313.76154600	0.00924474	149.44584234	
12.10000000	0.04754106	315.78282400	0.00932178	150.40858490	
12.20000000	0.04793396	318.09989900	0.00939882	151.51221672	
12.30000000	0.04832686	320.56487200	0.00947586	152.68629293	
12.40000000	0.04871976	322.71432900	0.00955290	153.71008764	
12.50000000	0.04911267	324.89336500	0.00962993	154.74797095	
12.60000000	0.04950557	327.22030000	0.00970697	155.85629912	
12.70000000	0.04989847	329.28101700	0.00978401	156.83782663	
12.80000000	0.05029137	331.49949300	0.00986105	157.89449536	
12.90000000	0.05068427	333.66866900	0.00993809	158.92768231	
13.00000000	0.05107717	335.58148900	0.01001513	159.83876590	
13.10000000	0.05147007	337.66192600	0.01009217	160.82968612	
13.20000000	0.05186298	339.79166300	0.01016921	161.84408812	
13.30000000	0.05225588	342.02985800	0.01024625	162.91014908	
13.40000000	0.05264878	344.08071600	0.01032329	163.88698071	
13.50000000	0.05304168	346.08227400	0.01040033	164.84033055	
13.60000000	0.05343458	348.35004900	0.01047737	165.92048059	
13.70000000	0.05382748	350.72628300	0.01055441	167.05229007	
13.80000000	0.05422038	353.01377800	0.01063145	168.14183282	
13.90000000	0.05461328	355.17309500	0.01070849	169.17032389	
14.00000000	0.05500619	357.17465300	0.01078553	170.12367373	
14.10000000	0.05539909	359.03817200	0.01086257	171.01127507	
14.20000000	0.05579199	361.01015100	0.01093961	171.95053632	
14.30000000	0.05618489	363.26806600	0.01101665	173.02599000	
14.40000000	0.05657779	365.67388000	0.01109368	174.17188854	
14.50000000	0.05697069	367.61627800	0.01117072	175.09706025	
14.60000000	0.05736359	369.83475400	0.01124776	176.15372898	
14.70000000	0.05775650	371.90533100	0.01132480	177.13995285	
14.80000000	0.05814940	373.54207400	0.01140184	177.91953989	
14.90000000	0.05854230	376.00704700	0.01147888	179.09361610	
15.00000000	0.05893520	378.38328100	0.01155592	180.22542558	
15.10000000	0.05932810	380.77923400	0.01163296	181.36662729	
15.20000000	0.05972100	383.45126500	0.01171000	182.63932603	
15.30000000	0.06011390	385.57114200	0.01178704	183.64903167	
15.40000000	0.06050680	387.57270000	0.01186408	184.60238152	
15.50000000	0.06089971	389.72215600	0.01194112	185.62617576	
15.60000000	0.06129261	391.64483500	0.01201816	186.54195523	
15.70000000	0.06168551	393.89289000	0.01209520	187.61271255	
15.80000000	0.06207841	396.46632200	0.01217224	188.83844820	
15.90000000	0.06247131	398.55661900	0.01224928	189.83406478	
16.00000000	0.06286421	400.85397400	0.01232632	190.92830388	
16.10000000	0.06325711	402.87525200	0.01240336	191.89104644	
16.20000000	0.06365002	404.83737000	0.01248040	192.82561086	
16.30000000	0.06404292	407.18402500	0.01255743	193.94333175	
16.40000000	0.06443582	409.45180000	0.01263447	195.02348178	
16.50000000	0.06482872	411.89705300	0.01271151	196.18816528	
16.60000000	0.06522162	413.83945100	0.01278855	197.11333698	
16.70000000	0.06561452	415.97904800	0.01286559	198.13243534	
16.80000000	0.06600742	417.67494900	0.01294263	198.94019957	
16.90000000	0.06640032	419.68636700	0.01301967	199.89824577	
17.00000000	0.06679323	421.87526300	0.01309671	200.94082543	
17.10000000	0.06718613	424.06415900	0.01317375	201.98340510	
17.20000000	0.06757903	426.43053300	0.01325079	203.11051822	
17.30000000	0.06797193	428.32363200	0.01332783	204.01220862	
17.40000000	0.06836483	430.31533000	0.01340487	204.96086211	
17.50000000	0.06875773	432.21828900	0.01348191	205.86724887	
17.60000000	0.06915063	434.46634400	0.01355895	206.93800619	
17.70000000	0.06954354	436.87215800	0.01363599	208.08390474	
17.80000000	0.06993644	439.20895200	0.01371303	209.19692879	
17.90000000	0.07032934	441.31896900	0.01379007	210.20193808	
18.00000000	0.07072224	443.36982600	0.01386711	211.17876923	
18.10000000	0.07111514	445.46012300	0.01394415	212.17438581	
18.20000000	0.07150804	447.58986000	0.01402118	213.18878781	
18.30000000	0.07190094	449.55197800	0.01409822	214.12335223	
18.40000000	0.07229384	451.39577800	0.01417526	215.00156132	
18.50000000	0.07268675	453.46635500	0.01425230	215.98778519	
18.60000000	0.07307965	455.31015500	0.01432934	216.86599428	
18.70000000	0.07347255	457.77512700	0.01440638	218.04007002	
18.80000000	0.07386545	460.17108100	0.01448342	219.18127221	
18.90000000	0.07425835	462.17263900	0.01456046	220.13462205	
19.00000000	0.07465125	464.43055400	0.01463750	221.21007573	
19.10000000	0.07504415	466.17575500	0.01471454	222.04132174	
19.20000000	0.07543706	468.18717300	0.01479158	222.99936794	
19.30000000	0.07582996	470.23803000	0.01486862	223.97619910	
19.40000000	0.07622286	472.35790600	0.01494566	224.98590426	
19.50000000	0.07661576	474.76372000	0.01502270	226.13180281	
19.60000000	0.07700866	476.75541800	0.01509974	227.08045630	
19.70000000	0.07740156	478.93445400	0.01517678	228.11833960	
19.80000000	0.07779446	481.01489100	0.01525382	229.10925982	
19.90000000	0.07818736	482.93756900	0.01533086	230.02503882	
20.00000000	0.07858027	485.09688600	0.01540790	231.05352989	
20.10000000	0.07897317	487.51255900	0.01548493	232.20412432	
20.20000000	0.07936607	489.44509700	0.01556197	233.12459967	
20.30000000	0.07975897	491.35791600	0.01563901	234.03568278	
20.40000000	0.08015187	493.55667200	0.01571605	235.08295880	
20.50000000	0.08054477	495.41033100	0.01579309	235.96586378	
20.60000000	0.08093767	497.54006800	0.01587013	236.98026578	
20.70000000	0.08133058	499.77826300	0.01594717	238.04632674	
20.80000000	0.08172348	501.85870000	0.01602421	239.03724696	
20.90000000	0.08211638	503.78137900	0.01610125	239.95302643	
21.00000000	0.08250928	505.91111500	0.01617829	240.96742796	
21.10000000	0.08290218	508.10001100	0.01625533	242.01000762	
21.20000000	0.08329508	510.11142800	0.01633237	242.96805335	
21.30000000	0.08368798	512.22144500	0.01640941	243.97306263	
21.40000000	0.08408088	514.14412400	0.01648645	244.88884211	
21.50000000	0.08447379	516.17526100	0.01656349	245.85628054	
21.60000000	0.08486669	518.21625800	0.01664053	246.82841534	
21.70000000	0.08525959	520.35585500	0.01671757	247.84751369	
21.80000000	0.08565249	522.62363000	0.01679461	248.92766373	
21.90000000	0.08604539	524.70406600	0.01687165	249.91858347	
22.00000000	0.08643829	526.50842600	0.01694868	250.77800714	
22.10000000	0.08683119	528.34236600	0.01702572	251.65151989	
22.20000000	0.08722410	530.47210200	0.01710276	252.66592141	
22.30000000	0.08761700	532.53281900	0.01717980	253.64744892	
22.40000000	0.08800990	534.77101500	0.01725684	254.71351036	
22.50000000	0.08840280	536.96977000	0.01733388	255.76078590	
22.60000000	0.08879570	538.94174800	0.01741092	256.70004668	
22.70000000	0.08918860	540.63764900	0.01748796	257.50781091	
22.80000000	0.08958150	542.72794600	0.01756500	258.50342748	
22.90000000	0.08997440	544.69006400	0.01764204	259.43799190	
23.00000000	0.09036731	546.57330300	0.01771908	260.33498595	
23.10000000	0.09076021	549.00869600	0.01779612	261.49497309	
23.20000000	0.09115311	551.08913300	0.01787316	262.48589331	
23.30000000	0.09154601	553.11041000	0.01795020	263.44863539	
23.40000000	0.09193891	555.21056700	0.01802724	264.44894832	
23.50000000	0.09233181	556.88674800	0.01810428	265.24731984	
23.60000000	0.09272471	558.76012700	0.01818132	266.13961753	
23.70000000	0.09311762	560.60392700	0.01825836	267.01782663	
23.80000000	0.09351052	562.66464400	0.01833540	267.99935413	
23.90000000	0.09390342	564.72536100	0.01841243	268.98088164	
24.00000000	0.09429632	566.82551800	0.01848947	269.98119457	
24.10000000	0.09468922	568.77777600	0.01856651	270.91106263	
24.20000000	0.09508212	570.73989400	0.01864355	271.84562705	
24.30000000	0.09547502	572.83019100	0.01872059	272.84124363	
24.40000000	0.09586792	574.79230900	0.01879763	273.77580805	
24.50000000	0.09626083	577.06994300	0.01887467	274.86065397	
24.60000000	0.09665373	579.08136100	0.01895171	275.81870017	
24.70000000	0.09704663	581.38857500	0.01902875	276.91763515	
24.80000000	0.09743953	583.62677000	0.01910579	277.98369612	
24.90000000	0.09783243	585.51000900	0.01918283	278.88069016	
25.00000000	0.09822533	587.40310800	0.01925987	279.78238057	
25.10000000	0.09861823	589.32578600	0.01933691	280.69815956	
25.20000000	0.09901114	591.18930500	0.01941395	281.58576090	
25.30000000	0.09940404	593.42750000	0.01949099	282.65182186	
25.40000000	0.09979694	595.62625600	0.01956803	283.69909788	
25.50000000	0.10018984	597.56865400	0.01964507	284.62426959	
25.60000000	0.10058274	599.77726900	0.01972211	285.67624149	
25.70000000	0.10097564	601.69994800	0.01979915	286.59202096	
25.80000000	0.10136854	603.62262600	0.01987618	287.50779995	
25.90000000	0.10176144	605.97914000	0.01995322	288.63021672	
26.00000000	0.10215435	607.74406000	0.02003026	289.47085497	
26.10000000	0.10254725	609.94281600	0.02010730	290.51813098	
26.20000000	0.10294015	612.02325200	0.02018434	291.50905073	
26.30000000	0.10333305	613.60083500	0.02026138	292.26045963	
26.40000000	0.10372595	615.61225200	0.02033842	293.21850536	
26.50000000	0.10411885	617.55465000	0.02041546	294.14367707	
26.60000000	0.10451175	619.51676800	0.02049250	295.07824149	
26.70000000	0.10490466	621.65636400	0.02056954	296.09733937	
26.80000000	0.10529756	623.70722100	0.02064658	297.07417052	
26.90000000	0.10569046	625.80737800	0.02072362	298.07448345	
27.00000000	0.10608336	627.77935600	0.02080066	299.01374422	
27.10000000	0.10647626	629.84993200	0.02087770	299.99996761	
27.20000000	0.10686916	631.66415200	0.02095474	300.86408764	
27.30000000	0.10726206	633.64599000	0.02103178	301.80804477	
27.40000000	0.10765496	635.62782700	0.02110882	302.75200143	
27.50000000	0.10804787	637.69840400	0.02118586	303.73822529	
27.60000000	0.10844077	639.95631900	0.02126290	304.81367897	
27.70000000	0.10883367	641.81983800	0.02133993	305.70128030	
27.80000000	0.10922657	643.86083500	0.02141697	306.67341510	
27.90000000	0.10961947	645.77365300	0.02149401	307.58449774	
28.00000000	0.11001237	647.75549100	0.02157105	308.52845487	
28.10000000	0.11040527	649.52041100	0.02164809	309.36909312	
28.20000000	0.11079818	651.76846600	0.02172513	310.43985044	
28.30000000	0.11119108	653.73058400	0.02180217	311.37441486	
28.40000000	0.11158398	655.49550400	0.02187921	312.21505311	
28.50000000	0.11197688	657.95061600	0.02195625	313.38443248	
28.60000000	0.11236978	659.80427500	0.02203329	314.26733746	
28.70000000	0.11276268	661.62835500	0.02211033	315.13615385	
28.80000000	0.11315558	663.65949200	0.02218737	316.10359228	
28.90000000	0.11354848	665.39483300	0.02226441	316.93014194	
29.00000000	0.11394139	667.50484900	0.02234145	317.93515075	
29.10000000	0.11433429	669.57542500	0.02241849	318.92137414	
29.20000000	0.11472719	671.70516100	0.02249553	319.93577566	
29.30000000	0.11512009	673.77573800	0.02257257	320.92199952	
29.40000000	0.11551299	675.69841600	0.02264961	321.83777852	
29.50000000	0.11590589	677.59151500	0.02272665	322.73946892	
29.60000000	0.11629879	679.46489400	0.02280369	323.63176661	
29.70000000	0.11669170	681.33827300	0.02288072	324.52406430	
29.80000000	0.11708460	683.23137100	0.02295776	325.42575423	
29.90000000	0.11747750	685.25264900	0.02303480	326.38849678	
30.00000000	0.11787040	687.22462600	0.02311184	327.32775709	
30.10000000	0.11826330	689.18674400	0.02318888	328.26232151	
30.20000000	0.11865620	691.07984300	0.02326592	329.16401191	
30.30000000	0.11904910	693.02224100	0.02334296	330.08918362	
30.40000000	0.11944200	694.95477900	0.02342000	331.00965897	
30.50000000	0.11983491	696.53236100	0.02349704	331.76106740	
30.60000000	0.12022781	698.34658100	0.02357408	332.62518743	
30.70000000	0.12062071	700.31855800	0.02365112	333.56444773	
30.80000000	0.12101361	702.15249800	0.02372816	334.43796047	
30.90000000	0.12140651	704.24279400	0.02380520	335.43357657	
31.00000000	0.12179941	706.28379100	0.02388224	336.40571136	
31.10000000	0.12219231	708.09801000	0.02395928	337.26983091	
31.20000000	0.12258521	710.03054800	0.02403632	338.19030626	
31.30000000	0.12297812	711.89406700	0.02411336	339.07790760	
31.40000000	0.12337102	713.82660500	0.02419040	339.99838295	
31.50000000	0.12376392	715.82816300	0.02426744	340.95173279	
31.60000000	0.12415682	717.90859900	0.02434447	341.94265254	
31.70000000	0.12454972	719.66365900	0.02442151	342.77859443	
31.80000000	0.12494262	721.37928000	0.02449855	343.59575137	
31.90000000	0.12533552	723.20335900	0.02457559	344.46456728	
32.00000000	0.12572843	724.87954000	0.02465263	345.26293879	
32.10000000	0.12612133	727.11773500	0.02472967	346.32899976	
32.20000000	0.12651423	729.03055300	0.02480671	347.24008240	
32.30000000	0.12690713	730.96309100	0.02488375	348.16055775	
32.40000000	0.12730003	732.96464900	0.02496079	349.11390760	
32.50000000	0.12769293	734.63097000	0.02503783	349.90758276	
32.60000000	0.12808583	736.59308700	0.02511487	350.84214670	
32.70000000	0.12847873	738.27912800	0.02519191	351.64521457	
32.80000000	0.12887164	740.27082600	0.02526895	352.59386806	
32.90000000	0.12926454	742.45972100	0.02534599	353.63644725	
33.00000000	0.12965744	744.37253900	0.02542303	354.54752989	
33.10000000	0.13005034	746.39381600	0.02550007	355.51027197	
33.20000000	0.13044324	748.27705500	0.02557711	356.40726602	
33.30000000	0.13083614	749.93351600	0.02565415	357.19624482	
33.40000000	0.13122904	751.60969700	0.02573119	357.99461634	
33.50000000	0.13162195	753.53237500	0.02580822	358.91039533	
33.60000000	0.13201485	755.33673400	0.02588526	359.76981853	
33.70000000	0.13240775	757.40731100	0.02596230	360.75604239	
33.80000000	0.13280065	759.43844800	0.02603934	361.72348083	
33.90000000	0.13319355	761.33154600	0.02611638	362.62517075	
34.00000000	0.13358645	762.98800700	0.02619342	363.41414956	
34.10000000	0.13397935	764.74306700	0.02627046	364.25009145	
34.20000000	0.13437225	766.67560500	0.02634750	365.17056680	
34.30000000	0.13476516	768.64758300	0.02642454	366.10982758	
34.40000000	0.13515806	770.76745900	0.02650158	367.11953275	
34.50000000	0.13555096	772.59153800	0.02657862	367.98834865	
34.60000000	0.13594386	774.62267500	0.02665566	368.95578709	
34.70000000	0.13633676	776.35801500	0.02673270	369.78233627	
34.80000000	0.13672966	778.14265500	0.02680974	370.63236723	
34.90000000	0.13712256	779.82869500	0.02688678	371.43543463	
35.00000000	0.13751547	781.47529700	0.02696382	372.21971755	
35.10000000	0.13790837	783.09231800	0.02704086	372.98991093	
35.20000000	0.13830127	784.83751800	0.02711790	373.82115647	
35.30000000	0.13869417	786.87851500	0.02719494	374.79329126	
35.40000000	0.13908707	788.91951200	0.02727197	375.76542605	
35.50000000	0.13947997	790.70415100	0.02734901	376.61545654	
35.60000000	0.13987287	792.64654900	0.02742605	377.54062824	
35.70000000	0.14026577	794.33259000	0.02750309	378.34369612	
35.80000000	0.14065868	795.77213400	0.02758013	379.02935651	
35.90000000	0.14105158	797.61593200	0.02765717	379.90756466	
36.00000000	0.14144448	799.32169300	0.02773421	380.72002524	
36.10000000	0.14183738	801.36269000	0.02781125	381.69216004	
36.20000000	0.14223028	803.47270500	0.02788829	382.69716837	
36.30000000	0.14262318	805.66160000	0.02796533	383.73974756	
36.40000000	0.14301608	807.49553900	0.02804237	384.61325982	
36.50000000	0.14340899	809.12242100	0.02811941	385.38815004	
36.60000000	0.14380189	810.67042300	0.02819645	386.12546940	
36.70000000	0.14419479	812.32688400	0.02827349	386.91444820	
36.80000000	0.14458769	814.18054300	0.02835053	387.79735318	
36.90000000	0.14498059	816.05392200	0.02842757	388.68965087	
37.00000000	0.14537349	817.86814100	0.02850461	389.55377042	
37.10000000	0.14576639	819.71194000	0.02858165	390.43197904	
37.20000000	0.14615929	821.25008200	0.02865869	391.16460205	
37.30000000	0.14655220	823.14318000	0.02873572	392.06629197	
37.40000000	0.14694510	825.14473700	0.02881276	393.01964134	
37.50000000	0.14733800	826.94909700	0.02888980	393.87906502	
37.60000000	0.14773090	828.96051400	0.02896684	394.83711074	
37.70000000	0.14812380	830.63669400	0.02904388	395.63548178	
37.80000000	0.14851670	832.15511700	0.02912092	396.35871255	
37.90000000	0.14890960	833.74255900	0.02919796	397.11481734	
38.00000000	0.14930251	835.66523700	0.02927500	398.03059633	
38.10000000	0.14969541	837.55833500	0.02935204	398.93228626	
38.20000000	0.15008831	839.71765000	0.02942908	399.96077638	
38.30000000	0.15048121	841.66004800	0.02950612	400.88594808	
38.40000000	0.15087411	843.36580800	0.02958316	401.69840819	
38.50000000	0.15126701	845.15044800	0.02966020	402.54843915	
38.60000000	0.15165991	846.98438700	0.02973724	403.42195142	
38.70000000	0.15205281	848.87748500	0.02981428	404.32364134	
38.80000000	0.15244572	850.72128400	0.02989132	405.20184996	
38.90000000	0.15283862	852.66368200	0.02996836	406.12702167	
39.00000000	0.15323152	854.37930200	0.03004540	406.94417814	
39.10000000	0.15362442	856.12450200	0.03012244	407.77542367	
39.20000000	0.15401732	857.93872100	0.03019947	408.63954322	
39.30000000	0.15441022	859.51630300	0.03027651	409.39095166	
39.40000000	0.15480312	861.20234300	0.03035355	410.19401905	
39.50000000	0.15519603	862.84894400	0.03043059	410.97830150	
39.60000000	0.15558893	864.58428400	0.03050763	411.80485068	
39.70000000	0.15598183	866.51682200	0.03058467	412.72532603	
39.80000000	0.15637473	868.20286300	0.03066171	413.52839390	
39.90000000	0.15676763	870.05652100	0.03073875	414.41129840	
40.00000000	0.15716053	871.78200200	0.03081579	415.23315170	
40.10000000	0.15755343	873.51734200	0.03089283	416.05970088	
40.20000000	0.15794633	875.32170100	0.03096987	416.91912408	
40.30000000	0.15833924	877.03732100	0.03104691	417.73628054	
40.40000000	0.15873214	878.71350200	0.03112395	418.53465206	
40.50000000	0.15912504	880.24178400	0.03120099	419.26257871	
40.60000000	0.15951794	881.93768500	0.03127803	420.07034294	
40.70000000	0.15991084	883.56456600	0.03135507	420.84523267	
40.80000000	0.16030374	885.45766400	0.03143211	421.74692260	
40.90000000	0.16069664	887.10426500	0.03150915	422.53120505	
41.00000000	0.16108955	888.94806400	0.03158619	423.40941367	
41.10000000	0.16148245	890.83130200	0.03166322	424.30640724	
41.20000000	0.16187535	892.40888400	0.03174026	425.05781567	
41.30000000	0.16226825	894.08506400	0.03181730	425.85618671	
41.40000000	0.16266115	895.67250600	0.03189434	426.61229150	
41.50000000	0.16305405	897.13176900	0.03197138	427.30734413	
41.60000000	0.16344695	898.63047200	0.03204842	428.02118219	
41.70000000	0.16383985	900.31651200	0.03212546	428.82424958	
41.80000000	0.16423276	901.94339400	0.03220250	429.59913980	
41.90000000	0.16462566	903.58013500	0.03227954	430.37872589	
42.00000000	0.16501856	905.15771600	0.03235658	431.13013384	
42.10000000	0.16541146	906.74515800	0.03243362	431.88623863	
42.20000000	0.16580436	908.26358000	0.03251066	432.60946892	
42.30000000	0.16619726	909.89046200	0.03258770	433.38435913	
42.40000000	0.16659016	911.59622200	0.03266474	434.19681924	
42.50000000	0.16698307	913.23296300	0.03274178	434.97640533	
42.60000000	0.16737597	914.94858300	0.03281882	435.79356180	
42.70000000	0.16776887	916.84168100	0.03289586	436.69525173	
42.80000000	0.16816177	918.62632100	0.03297290	437.54528269	
42.90000000	0.16855467	920.60815800	0.03304994	438.48923934	
43.00000000	0.16894757	922.04770100	0.03312697	439.17489926	
43.10000000	0.16934047	923.66472200	0.03320401	439.94509264	
43.20000000	0.16973337	925.40006200	0.03328105	440.77164182	
43.30000000	0.17012628	926.89876500	0.03335809	441.48547988	
43.40000000	0.17051918	928.96934100	0.03343513	442.47170326	
43.50000000	0.17091208	930.61594200	0.03351217	443.25598571	
43.60000000	0.17130498	932.10478400	0.03358921	443.96512693	
43.70000000	0.17169788	933.83026400	0.03366625	444.78697976	
43.80000000	0.17209078	935.32896700	0.03374329	445.50081781	
43.90000000	0.17248368	936.86710900	0.03382033	446.23344082	
44.00000000	0.17287659	938.59258900	0.03389737	447.05529364	
44.10000000	0.17326949	939.96311300	0.03397441	447.70807954	
44.20000000	0.17366239	941.64915400	0.03405145	448.51114742	
44.30000000	0.17405529	943.53239200	0.03412849	449.40814099	
44.40000000	0.17444819	945.23815200	0.03420553	450.22060110	
44.50000000	0.17484109	947.36788700	0.03428257	451.23500214	
44.60000000	0.17523399	949.11308700	0.03435961	452.06624768	
44.70000000	0.17562689	950.80898700	0.03443665	452.87401143	
44.80000000	0.17601980	952.62320600	0.03451369	453.73813098	
44.90000000	0.17641270	954.30924700	0.03459072	454.54119886	
45.00000000	0.17680560	956.15304500	0.03466776	455.41940700	
45.10000000	0.17719850	957.75034600	0.03474480	456.18020767	
45.20000000	0.17759140	959.38708700	0.03482184	456.95979376	
45.30000000	0.17798430	960.83649100	0.03489888	457.65015051	
45.40000000	0.17837720	962.44365200	0.03497592	458.41564754	
45.50000000	0.17877011	964.07053300	0.03505296	459.19053727	
45.60000000	0.17916301	965.64811500	0.03513000	459.94194570	
45.70000000	0.17955591	967.70883100	0.03520704	460.92347273	
45.80000000	0.17994881	969.59206900	0.03528408	461.82046630	
45.90000000	0.18034171	971.21895000	0.03536112	462.59535604	
46.00000000	0.18073461	972.93457000	0.03543816	463.41251250	
46.10000000	0.18112751	974.38397300	0.03551520	464.10286878	
46.20000000	0.18152041	975.71505700	0.03559224	464.73686925	
46.30000000	0.18191332	977.51941600	0.03566928	465.59629245	
46.40000000	0.18230622	979.27447600	0.03574632	466.43223434	
46.50000000	0.18269912	980.87177700	0.03582336	467.19303501	
46.60000000	0.18309202	982.42963900	0.03590040	467.93505073	
46.70000000	0.18348492	983.86918200	0.03597744	468.62071065	
46.80000000	0.18387782	985.57494200	0.03605447	469.43317075	
46.90000000	0.18427072	987.25112300	0.03613151	470.23154227	
47.00000000	0.18466363	989.35127800	0.03620855	471.23185425	
47.10000000	0.18505653	991.13591700	0.03628559	472.08188473	
47.20000000	0.18544943	992.76279800	0.03636263	472.85677447	
47.30000000	0.18584233	994.64603600	0.03643967	473.75376804	
47.40000000	0.18623523	996.17431900	0.03651671	474.48169517	
47.50000000	0.18662813	997.98853700	0.03659375	475.34581424	
47.60000000	0.18702103	999.84219600	0.03667079	476.22871922	
47.70000000	0.18741393	1001.27187900	0.03674783	476.90968278	
47.80000000	0.18780684	1002.91848000	0.03682487	477.69396523	
47.90000000	0.18819974	1004.52564100	0.03690191	478.45946225	
48.00000000	0.18859264	1006.20182100	0.03697895	479.25783329	
48.10000000	0.18898554	1007.96674100	0.03705599	480.09847154	
48.20000000	0.18937844	1009.42600400	0.03713303	480.79352417	
48.30000000	0.18977134	1010.92470600	0.03721007	481.50736175	
48.40000000	0.19016424	1012.40368900	0.03728711	482.21180710	
48.50000000	0.19055715	1013.92211100	0.03736415	482.93503739	
48.60000000	0.19095005	1015.73633000	0.03744119	483.79915694	
48.70000000	0.19134295	1017.49138900	0.03751823	484.63509836	
48.80000000	0.19173585	1019.16757000	0.03759526	485.43346987	
48.90000000	0.19212875	1020.83389000	0.03767230	486.22714456	
49.00000000	0.19252165	1022.25371300	0.03774934	486.90341176	
49.10000000	0.19291455	1023.65381700	0.03782638	487.57028673	
49.20000000	0.19330745	1024.82714300	0.03790342	488.12914646	
49.30000000	0.19370036	1026.13850800	0.03798046	488.75375470	
49.40000000	0.19409326	1027.57805100	0.03805750	489.43941462	
49.50000000	0.19448616	1029.20493200	0.03813454	490.21430436	
49.60000000	0.19487906	1031.21634800	0.03821158	491.17234961	
49.70000000	0.19527196	1033.13902600	0.03828862	492.08812860	
49.80000000	0.19566486	1034.73632700	0.03836566	492.84892927	
49.90000000	0.19605776	1036.35334800	0.03844270	493.61912265	
50.00000000	0.19645067	1037.21115800	0.03851974	494.02770088	
50.10000000	0.19684357	1038.50280300	0.03859678	494.64291641	
50.20000000	0.19723647	1040.13954400	0.03867382	495.42250250	
50.30000000	0.19762937	1041.58894700	0.03875086	496.11285878	
50.40000000	0.19802227	1043.60036300	0.03882790	497.07090402	
50.50000000	0.19841517	1045.31598300	0.03890494	497.88806049	
50.60000000	0.19880807	1046.85412500	0.03898198	498.62068350	
50.70000000	0.19920097	1048.24436800	0.03905901	499.28286163	
50.80000000	0.19959388	1049.82195000	0.03913605	500.03427006	
50.90000000	0.19998678	1051.17275400	0.03921309	500.67766325	
51.00000000	0.20037968	1052.74047500	0.03929013	501.42437485	
51.10000000	0.20077258	1054.24903800	0.03936717	502.14290926	
51.20000000	0.20116548	1055.63928100	0.03944421	502.80508740	
51.30000000	0.20155838	1057.14784400	0.03952125	503.52362181	
51.40000000	0.20195128	1058.60710600	0.03959829	504.21867397	
51.50000000	0.20234418	1059.99735000	0.03967533	504.88085258	
51.60000000	0.20273709	1061.24955500	0.03975237	505.47728269	
51.70000000	0.20312999	1062.33414300	0.03982941	505.99387616	
51.80000000	0.20352289	1063.46802900	0.03990645	506.53395046	
51.90000000	0.20391579	1064.89771200	0.03998349	507.21491403	
52.00000000	0.20430869	1065.88370100	0.04006053	507.68454442	
52.10000000	0.20470159	1067.25422500	0.04013757	508.33733032	
52.20000000	0.20509449	1068.49657000	0.04021461	508.92906406	
52.30000000	0.20548740	1069.56143700	0.04029165	509.43626435	
52.40000000	0.20588030	1071.17845800	0.04036869	510.20645773	
52.50000000	0.20627320	1072.55884200	0.04044573	510.86393999	
52.60000000	0.20666610	1073.82090700	0.04052276	511.46506644	
52.70000000	0.20705900	1075.12241200	0.04059980	512.08497833	
52.80000000	0.20745190	1076.38447700	0.04067684	512.68610479	
52.90000000	0.20784480	1077.52822400	0.04075388	513.23087592	
53.00000000	0.20823770	1078.62267100	0.04083092	513.75216528	
53.10000000	0.20863061	1080.00305400	0.04090796	514.40964706	
53.20000000	0.20863061	1080.98904300	0.04090796	514.87927745	
53.30000000	0.20922082	1082.21166800	0.04102369	515.46161848	
53.40000000	0.20981104	1083.39485400	0.04113942	516.02517457	
53.50000000	0.21040125	1084.35126300	0.04125515	516.48071588	
53.60000000	0.21099147	1085.55416900	0.04137088	517.05366468	
53.70000000	0.21158168	1086.39225900	0.04148660	517.45285020	
53.80000000	0.21217190	1087.43740700	0.04160233	517.95065825	
53.90000000	0.21276211	1088.43325500	0.04171806	518.42498452	
54.00000000	0.21335233	1089.57700100	0.04183379	518.96975518	
54.10000000	0.21394254	1090.66158800	0.04194952	519.48634818	
54.20000000	0.21453276	1091.63771700	0.04206525	519.95128221	
54.30000000	0.21512297	1092.67300500	0.04218097	520.44439390	
54.40000000	0.21571319	1093.59983400	0.04229670	520.88584615	
54.50000000	0.21630340	1094.48722300	0.04241243	521.30851298	
54.60000000	0.21689362	1095.24643400	0.04252816	521.67012813	
54.70000000	0.21748383	1096.16340300	0.04264389	522.10688402	
54.80000000	0.21807405	1096.90289500	0.04275962	522.45910693	
54.90000000	0.21866426	1097.82972400	0.04287535	522.90055918	
55.00000000	0.21925448	1098.68753400	0.04299107	523.30913741	
55.10000000	0.21984469	1099.47632400	0.04310680	523.68484115	
55.20000000	0.22043491	1100.19609600	0.04322253	524.02767135	
55.30000000	0.22102512	1100.75810900	0.04333826	524.29536032	
55.40000000	0.22161534	1101.57647900	0.04345399	524.68515313	
55.50000000	0.22220555	1102.14835300	0.04356972	524.95753894	
55.60000000	0.22279577	1102.78924500	0.04368544	525.26279829	
55.70000000	0.22338598	1103.56817600	0.04380117	525.63380614	
55.80000000	0.22397620	1103.97243100	0.04391690	525.82635437	
55.90000000	0.22456641	1104.57388400	0.04403263	526.11282877	
56.00000000	0.22515663	1105.11617800	0.04414836	526.37112551	
56.10000000	0.22574684	1105.75707000	0.04426409	526.67638485	
56.20000000	0.22633706	1106.37824300	0.04437982	526.97225196	
56.30000000	0.22692727	1106.61488000	0.04449554	527.08496309	
56.40000000	0.22751749	1107.07829400	0.04461127	527.30568897	
56.50000000	0.22810770	1107.36423100	0.04472700	527.44188188	
56.60000000	0.22869792	1107.88680500	0.04484273	527.69078590	
56.70000000	0.22928813	1108.77419400	0.04495846	528.11345273	
56.80000000	0.22987835	1109.46438600	0.04507419	528.44219386	
56.90000000	0.23046856	1110.02639900	0.04518991	528.70988283	
57.00000000	0.23105878	1110.61799200	0.04530564	528.99166087	
57.10000000	0.23164899	1110.87434900	0.04542137	529.11376471	
57.20000000	0.23223921	1111.30818400	0.04553710	529.32040200	
57.30000000	0.23282943	1111.95893700	0.04565283	529.63035818	
57.40000000	0.23341964	1112.05753500	0.04576856	529.67732079	
57.50000000	0.23400986	1112.45193100	0.04588429	529.86517314	
57.60000000	0.23460007	1112.68856800	0.04600001	529.97788426	
57.70000000	0.23519029	1112.75758700	0.04611574	530.01075828	
57.80000000	0.23578050	1113.11254300	0.04623147	530.17982520	
57.90000000	0.23637072	1113.38862000	0.04634720	530.31132174	
58.00000000	0.23696093	1113.64497700	0.04646293	530.43342558	
58.10000000	0.23755115	1113.72385600	0.04657866	530.47099595	
58.20000000	0.23814136	1113.93091300	0.04669438	530.56961800	
58.30000000	0.23873158	1114.01965200	0.04681011	530.61188473	
58.40000000	0.23932179	1114.00979200	0.04692584	530.60718838	
58.50000000	0.23991201	1114.54222600	0.04704157	530.86078876	
58.60000000	0.24050222	1115.00564000	0.04715730	531.08151465	
58.70000000	0.24109244	1115.30143700	0.04727303	531.22240391	
58.80000000	0.24168265	1115.43947500	0.04738876	531.28815194	
58.90000000	0.24227287	1115.41975600	0.04750448	531.27875970	
59.00000000	0.24286308	1115.40989600	0.04762021	531.27406335	
59.10000000	0.24345330	1115.65639300	0.04773594	531.39147083	
59.20000000	0.24404351	1116.14938700	0.04785167	531.62628578	
59.30000000	0.24463373	1116.24798600	0.04796740	531.67324887	
59.40000000	0.24522394	1116.62266100	0.04808313	531.85170803	
59.50000000	0.24581416	1116.80013900	0.04819885	531.93624149	
59.60000000	0.24640437	1116.72126000	0.04831458	531.89867111	
59.70000000	0.24699459	1116.80999900	0.04843031	531.94093784	
59.80000000	0.24758480	1116.72126000	0.04854604	531.89867111	
59.90000000	0.24817502	1116.75084000	0.04866177	531.91276018	
60.00000000	0.24876523	1116.92831800	0.04877750	531.99729364	
60.10000000	0.24935545	1116.98747700	0.04889323	532.02547130	
60.20000000	0.24994566	1117.09593600	0.04900895	532.07713075	
60.30000000	0.25053588	1117.02691700	0.04912468	532.04425673	
60.40000000	0.25112609	1117.03677600	0.04924041	532.04895261	
60.50000000	0.25171631	1117.30299300	0.04935614	532.17575280	
60.60000000	0.25230652	1117.74668800	0.04947187	532.38708645	
60.70000000	0.25289674	1118.22982200	0.04958760	532.61720505	
60.80000000	0.25348695	1118.62421800	0.04970332	532.80505739	
60.90000000	0.25407717	1118.90029400	0.04981905	532.93655347	
61.00000000	0.25466738	1118.76225600	0.04993478	532.87080543	
61.10000000	0.25525760	1118.75239600	0.05005051	532.86610907	
61.20000000	0.25584781	1119.02847300	0.05016624	532.99760562	
61.30000000	0.25643803	1119.07777200	0.05028197	533.02108693	
61.40000000	0.25702824	1119.40314800	0.05039769	533.17606478	
61.50000000	0.25761846	1119.58062600	0.05051342	533.26059824	
61.60000000	0.25820867	1119.38342900	0.05062915	533.16667254	
61.70000000	0.25879889	1119.50174700	0.05074488	533.22302786	
61.80000000	0.25938910	1119.50174700	0.05086061	533.22302786	
61.90000000	0.25997932	1119.62992600	0.05097634	533.28408002	
62.00000000	0.26056953	1119.95530200	0.05109207	533.43905787	
62.10000000	0.26115975	1119.78768400	0.05120779	533.35922077	
62.20000000	0.26174996	1119.79754400	0.05132352	533.36391712	
62.30000000	0.26234018	1119.91586200	0.05143925	533.42027245	
62.40000000	0.26293039	1119.79754400	0.05155498	533.36391712	
62.50000000	0.26352061	1120.17221900	0.05167071	533.54237628	
62.60000000	0.26411083	1119.97502200	0.05178644	533.44845058	
62.70000000	0.26470104	1119.88628300	0.05190216	533.40618385	
62.80000000	0.26529126	1119.87642300	0.05201789	533.40148750	
62.90000000	0.26588147	1119.69894500	0.05213362	533.31695404	
63.00000000	0.26647169	1120.23137900	0.05224935	533.57055442	
63.10000000	0.26706190	1120.25109800	0.05236508	533.57994665	
63.20000000	0.26765212	1120.28067800	0.05248081	533.59403572	
63.30000000	0.26824233	1120.47787600	0.05259654	533.68796190	
63.40000000	0.26883255	1120.45815600	0.05271226	533.67856918	
63.50000000	0.26942276	1120.57647400	0.05282799	533.73492451	
63.60000000	0.27001298	1120.72437300	0.05294372	533.80536937	
63.70000000	0.27060319	1120.87227100	0.05305945	533.87581377	
63.80000000	0.27119341	1120.91171000	0.05317518	533.89459871	
63.90000000	0.27178362	1121.18778700	0.05329091	534.02609526	
64.00000000	0.27237384	1121.33568500	0.05340663	534.09653965	
64.10000000	0.27296405	1121.25680600	0.05352236	534.05896928	
64.20000000	0.27355427	1121.49344400	0.05363809	534.17168088	
64.30000000	0.27414448	1121.37512500	0.05375382	534.11532508	
64.40000000	0.27473470	1121.51316300	0.05386955	534.18107311	
64.50000000	0.27532491	1121.70050100	0.05398528	534.27030293	
64.60000000	0.27591513	1121.43428400	0.05410101	534.14350274	
64.70000000	0.27650534	1121.56246300	0.05421673	534.20455489	
64.80000000	0.27709556	1121.49344400	0.05433246	534.17168088	
64.90000000	0.27768577	1121.47372400	0.05444819	534.16228816	
65.00000000	0.27827599	1121.87797900	0.05456392	534.35483639	
65.10000000	0.27886620	1121.99629800	0.05467965	534.41119219	
65.20000000	0.27945642	1122.04559700	0.05479538	534.43467349	
65.30000000	0.28004663	1122.09489600	0.05491110	534.45815480	
65.40000000	0.28063685	1121.86811900	0.05502683	534.35014003	
65.50000000	0.28122706	1121.69064100	0.05514256	534.26560657	
65.60000000	0.28181728	1121.45400400	0.05525829	534.15289545	
65.70000000	0.28240749	1121.44414400	0.05537402	534.14819910	
65.80000000	0.28299771	1121.54274300	0.05548975	534.19516218	
65.90000000	0.28358792	1121.47372400	0.05560548	534.16228816	
66.00000000	0.28417814	1122.01601700	0.05572120	534.42058442	
66.10000000	0.28476835	1121.88783900	0.05583693	534.35953275	
66.20000000	0.28535857	1121.79910000	0.05595266	534.31726602	
66.30000000	0.28594878	1121.91741900	0.05606839	534.37362181	
66.40000000	0.28653900	1121.77938000	0.05618412	534.30787330	
66.50000000	0.28712921	1122.12447600	0.05629985	534.47224387	
66.60000000	0.28771943	1122.32167400	0.05641557	534.56617004	
66.70000000	0.28830964	1122.41041300	0.05653130	534.60843677	
66.80000000	0.28889986	1122.53859100	0.05664703	534.66948845	
66.90000000	0.28949007	1122.68648900	0.05676276	534.73993284	
67.00000000	0.29008029	1122.38083300	0.05687849	534.59434770	
67.10000000	0.29067050	1122.38083300	0.05699422	534.59434770	
67.20000000	0.29126072	1122.14419600	0.05710994	534.48163658	
67.30000000	0.29185093	1122.12447600	0.05722567	534.47224387	
67.40000000	0.29244115	1122.35125300	0.05734140	534.58025863	
67.50000000	0.29303136	1122.45971200	0.05745713	534.63191808	
67.60000000	0.29362158	1122.67663000	0.05757286	534.73523696	
67.70000000	0.29421179	1122.69634900	0.05768859	534.74462920	
67.80000000	0.29480201	1122.61747000	0.05780432	534.70705882	
67.90000000	0.29539223	1122.72592900	0.05792004	534.75871827	
68.00000000	0.29598244	1122.81466800	0.05803577	534.80098500	
68.10000000	0.29657266	1122.77522800	0.05815150	534.78219957	
68.20000000	0.29716287	1122.92312700	0.05826723	534.85264444	
68.30000000	0.29775309	1122.79494800	0.05838296	534.79159228	
68.40000000	0.29834330	1122.93298600	0.05849869	534.85734032	
68.50000000	0.29893352	1122.98228600	0.05861441	534.88082210	
68.60000000	0.29952373	1122.92312700	0.05873014	534.85264444	
68.70000000	0.30011395	1122.79494800	0.05884587	534.79159228	
68.80000000	0.30070416	1122.82452800	0.05896160	534.80568135	
68.90000000	0.30129438	1122.61747000	0.05907733	534.70705882	
69.00000000	0.30188459	1122.50901200	0.05919306	534.65539986	
69.10000000	0.30247481	1122.73578900	0.05930879	534.76341462	
69.20000000	0.30306502	1122.57803100	0.05942451	534.68827387	
69.30000000	0.30365524	1122.47943200	0.05954024	534.64131079	
69.40000000	0.30424545	1122.70620900	0.05965597	534.74932555	
69.50000000	0.30483567	1122.73578900	0.05977170	534.76341462	
69.60000000	0.30542588	1122.64705000	0.05988743	534.72114789	
69.70000000	0.30601610	1122.75550900	0.06000316	534.77280734	
69.80000000	0.30660631	1122.52873100	0.06011888	534.66479209	
69.90000000	0.30719653	1122.19349500	0.06023461	534.50511789	
70.00000000	0.30778674	1122.13433600	0.06035034	534.47694022	
70.10000000	0.30837696	1122.11461600	0.06046607	534.46754751	
70.20000000	0.30896717	1122.25265500	0.06058180	534.53329602	
70.30000000	0.30955739	1122.58789100	0.06069753	534.69297023	
70.40000000	0.31014760	1122.51887100	0.06081326	534.66009574	
70.50000000	0.31073782	1122.32167400	0.06092898	534.56617004	
70.60000000	0.31132803	1122.28223400	0.06104471	534.54738462	
70.70000000	0.31191825	1122.17377500	0.06116044	534.49572517	
70.80000000	0.31250846	1122.27237400	0.06127617	534.54268826	
70.90000000	0.31309868	1122.53859100	0.06139190	534.66948845	
71.00000000	0.31368889	1122.41041300	0.06150763	534.60843677	
71.10000000	0.31427911	1122.54845100	0.06162335	534.67418481	
71.20000000	0.31486932	1122.37097300	0.06173908	534.58965135	
71.30000000	0.31545954	1122.69634900	0.06185481	534.74462920	
71.40000000	0.31604975	1122.62733000	0.06197054	534.71175518	
71.50000000	0.31663997	1122.40055300	0.06208627	534.60374041	
71.60000000	0.31723018	1122.44985200	0.06220200	534.62722172	
71.70000000	0.31782040	1122.20335500	0.06231773	534.50981424	
71.80000000	0.31841061	1122.32167400	0.06243345	534.56617004	
71.90000000	0.31900083	1122.49915200	0.06254918	534.65070350	
72.00000000	0.31959104	1122.47943200	0.06266491	534.64131079	
72.10000000	0.32018126	1122.39069300	0.06278064	534.59904406	
72.20000000	0.32077147	1122.30195400	0.06289637	534.55677733	
72.30000000	0.32136169	1122.37097300	0.06301210	534.58965135	
72.40000000	0.32195190	1122.25265500	0.06312782	534.53329602	
72.50000000	0.32254212	1122.06531700	0.06324355	534.44406621	
72.60000000	0.32313233	1121.93713800	0.06335928	534.38301405	
72.70000000	0.32372255	1121.69064100	0.06347501	534.26560657	
72.80000000	0.32431276	1121.86811900	0.06359074	534.35014003	
72.90000000	0.32490298	1121.81882000	0.06370647	534.32665873	
73.00000000	0.32549319	1122.04559700	0.06382220	534.43467349	
73.10000000	0.32608341	1121.93713800	0.06393792	534.38301405	
73.20000000	0.32667363	1121.81882000	0.06405365	534.32665873	
73.30000000	0.32726384	1121.97657800	0.06416938	534.40179948	
73.40000000	0.32785406	1121.86811900	0.06428511	534.35014003	
73.50000000	0.32844427	1121.89769900	0.06440084	534.36422910	
73.60000000	0.32903449	1121.83853900	0.06451657	534.33605096	
73.70000000	0.32962470	1122.00615700	0.06463229	534.41588807	
73.80000000	0.33021492	1121.96671800	0.06474802	534.39710312	
73.90000000	0.33080513	1122.07517700	0.06486375	534.44876256	
74.00000000	0.33139535	1122.12447600	0.06497948	534.47224387	
74.10000000	0.33198556	1121.74980100	0.06509521	534.29378471	
74.20000000	0.33257578	1121.72022100	0.06521094	534.27969564	
74.30000000	0.33316599	1121.82868000	0.06532666	534.33135508	
74.40000000	0.33375621	1121.72022100	0.06544239	534.27969564	
74.50000000	0.33434642	1121.96671800	0.06555812	534.39710312	
74.60000000	0.33493664	1122.12447600	0.06567385	534.47224387	
74.70000000	0.33552685	1122.03573700	0.06578958	534.42997714	
74.80000000	0.33611707	1122.24279500	0.06590531	534.52859967	
74.90000000	0.33670728	1122.35125300	0.06602104	534.58025863	
75.00000000	0.33729750	1122.42027300	0.06613676	534.61313313	
75.10000000	0.33788771	1122.14419600	0.06625249	534.48163658	
75.20000000	0.33847793	1122.24279500	0.06636822	534.52859967	
75.30000000	0.33906814	1122.20335500	0.06648395	534.50981424	
75.40000000	0.33965836	1122.16391600	0.06659968	534.49102929	
75.50000000	0.34024857	1122.19349500	0.06671541	534.50511789	
75.60000000	0.34083879	1121.95685800	0.06683113	534.39240676	
75.70000000	0.34142900	1121.44414400	0.06694686	534.14819910	
75.80000000	0.34201922	1121.58218300	0.06706259	534.21394761	
75.90000000	0.34260943	1121.68078100	0.06717832	534.26091022	
76.00000000	0.34319965	1121.64134200	0.06729405	534.24212527	
76.10000000	0.34378986	1121.81882000	0.06740978	534.32665873	
76.20000000	0.34438008	1121.30610600	0.06752551	534.08245106	
76.30000000	0.34497029	1121.18778700	0.06764123	534.02609526	
76.40000000	0.34556051	1121.22722700	0.06775696	534.04488069	
76.50000000	0.34615072	1121.17792700	0.06787269	534.02139890	
76.60000000	0.34674094	1121.44414400	0.06798842	534.14819910	
76.70000000	0.34733115	1121.50330300	0.06810415	534.17637676	
76.80000000	0.34792137	1121.21736700	0.06821988	534.04018433	
76.90000000	0.34851158	1121.14834800	0.06833560	534.00731031	
77.00000000	0.34910180	1120.72437300	0.06845133	533.80536937	
77.10000000	0.34969201	1120.51731500	0.06856706	533.70674684	
77.20000000	0.35028223	1120.24123800	0.06868279	533.57525030	
77.30000000	0.35087244	1120.18207900	0.06879852	533.54707264	
77.40000000	0.35146266	1120.32997700	0.06891425	533.61751703	
77.50000000	0.35205287	1120.41871600	0.06902998	533.65978376	
77.60000000	0.35264309	1120.78353200	0.06914570	533.83354704	
77.70000000	0.35323330	1120.89199100	0.06926143	533.88520648	
77.80000000	0.35382352	1120.83283100	0.06937716	533.85702834	
77.90000000	0.35441373	1120.64549400	0.06949289	533.76779900	
78.00000000	0.35500395	1120.55675500	0.06960862	533.72553227	
78.10000000	0.35559416	1120.26095800	0.06972435	533.58464301	
78.20000000	0.35618438	1120.36941700	0.06984007	533.63630245	
78.30000000	0.35677459	1120.47787600	0.06995580	533.68796190	
78.40000000	0.35736481	1120.29053800	0.07007153	533.59873208	
78.50000000	0.35795503	1120.59619400	0.07018726	533.74431722	
78.60000000	0.35854524	1120.43843600	0.07030299	533.66917647	
78.70000000	0.35913546	1120.34969700	0.07041872	533.62690974	
78.80000000	0.35972567	1120.58633400	0.07053445	533.73962086	
78.90000000	0.36031589	1120.21165900	0.07065017	533.56116171	
79.00000000	0.36090610	1120.04404100	0.07076590	533.48132460	
79.10000000	0.36149632	1119.94544200	0.07088163	533.43436151	
79.20000000	0.36208653	1119.85670300	0.07099736	533.39209478	
79.30000000	0.36267675	1119.74824400	0.07111309	533.34043534	
79.40000000	0.36326696	1119.78768400	0.07122882	533.35922077	
79.50000000	0.36385718	1119.58062600	0.07134454	533.26059824	
79.60000000	0.36444739	1119.27497000	0.07146027	533.11501310	
79.70000000	0.36503761	1119.36370900	0.07157600	533.15727983	
79.80000000	0.36562782	1119.37356900	0.07169173	533.16197618	
79.90000000	0.36621804	1119.30455000	0.07180746	533.12910217	
80.00000000	0.36680825	1119.36370900	0.07192319	533.15727983	
80.10000000	0.36739847	1119.35384900	0.07203892	533.15258347	
80.20000000	0.36798868	1119.36370900	0.07215464	533.15727983	
80.30000000	0.36857890	1119.42286800	0.07227037	533.18545749	
80.40000000	0.36916911	1119.40314800	0.07238610	533.17606478	
80.50000000	0.36975933	1119.18623100	0.07250183	533.07274637	
80.60000000	0.37034954	1119.00875300	0.07261756	532.98821291	
80.70000000	0.37093976	1119.03833300	0.07273329	533.00230198	
80.80000000	0.37152997	1119.05805200	0.07284901	533.01169421	
80.90000000	0.37212019	1118.90029400	0.07296474	532.93655347	
81.00000000	0.37271040	1118.80169500	0.07308047	532.88959038	
81.10000000	0.37330062	1118.56505800	0.07319620	532.77687926	
81.20000000	0.37389083	1118.14108300	0.07331193	532.57493832	
81.30000000	0.37448105	1118.06220400	0.07342766	532.53736794	
81.40000000	0.37507126	1117.69738900	0.07354338	532.36360514	
81.50000000	0.37566148	1117.47061100	0.07365911	532.25558990	
81.60000000	0.37625169	1117.24383400	0.07377484	532.14757514	
81.70000000	0.37684191	1117.15509500	0.07389057	532.10530841	
81.80000000	0.37743212	1117.17481500	0.07400630	532.11470112	
81.90000000	0.37802234	1117.23397400	0.07412203	532.14287878	
82.00000000	0.37861255	1117.21425400	0.07423776	532.13348607	
82.10000000	0.37920277	1117.34243300	0.07435348	532.19453822	
82.20000000	0.37979298	1117.11565500	0.07446921	532.08652298	
82.30000000	0.38038320	1117.02691700	0.07458494	532.04425673	
82.40000000	0.38097341	1117.02691700	0.07470067	532.04425673	
82.50000000	0.38156363	1116.84943900	0.07481640	531.95972327	
82.60000000	0.38215384	1117.02691700	0.07493213	532.04425673	
82.70000000	0.38274406	1116.79027900	0.07504785	531.93154513	
82.80000000	0.38333427	1116.64238100	0.07516358	531.86110074	
82.90000000	0.38392449	1116.48462300	0.07527931	531.78595999	
83.00000000	0.38451470	1116.21840600	0.07539504	531.65915980	
83.10000000	0.38510492	1116.33672500	0.07551077	531.71551560	
83.20000000	0.38569513	1116.30714500	0.07562650	531.70142653	
83.30000000	0.38628535	1116.04092800	0.07574223	531.57462634	
83.40000000	0.38687556	1115.78457100	0.07585795	531.45252251	
83.50000000	0.38746578	1115.63667300	0.07597368	531.38207811	
83.60000000	0.38805599	1115.24227800	0.07608941	531.19422624	
83.70000000	0.38864621	1115.05494000	0.07620514	531.10499643	
83.80000000	0.38923643	1115.13381900	0.07632087	531.14256680	
83.90000000	0.38982664	1114.88732200	0.07643660	531.02515932	
84.00000000	0.39041686	1114.90704200	0.07655232	531.03455204	
84.10000000	0.39100707	1115.04508000	0.07666805	531.10030007	
84.20000000	0.39159729	1114.88732200	0.07678378	531.02515932	
84.30000000	0.39218750	1114.63096500	0.07689951	530.90305549	
84.40000000	0.39277772	1114.56194600	0.07701524	530.87018147	
84.50000000	0.39336793	1114.17741000	0.07713097	530.68702548	
84.60000000	0.39395815	1113.98021300	0.07724670	530.59309979	
84.70000000	0.39454836	1114.01965200	0.07736242	530.61188473	
84.80000000	0.39513858	1114.02951200	0.07747815	530.61658109	
84.90000000	0.39572879	1114.25628900	0.07759388	530.72459586	
85.00000000	0.39631901	1114.22671000	0.07770961	530.71050726	
85.10000000	0.39690922	1114.16755000	0.07782534	530.68232913	
85.20000000	0.39749944	1114.21685000	0.07794107	530.70581091	
85.30000000	0.39808965	1114.11825100	0.07805679	530.65884782	
85.40000000	0.39867987	1114.25628900	0.07817252	530.72459586	
85.50000000	0.39927008	1114.21685000	0.07828825	530.70581091	
85.60000000	0.39986030	1114.17741000	0.07840398	530.68702548	
85.70000000	0.40045051	1114.16755000	0.07851971	530.68232913	
85.80000000	0.40104073	1114.05909200	0.07863544	530.63067016	
85.90000000	0.40163094	1114.03937200	0.07875117	530.62127745	
86.00000000	0.40222116	1114.01965200	0.07886689	530.61188473	
86.10000000	0.40281137	1113.89147400	0.07898262	530.55083306	
86.20000000	0.40340159	1113.69427600	0.07909835	530.45690688	
86.30000000	0.40399180	1113.54637800	0.07921408	530.38646249	
86.40000000	0.40458202	1113.17170200	0.07932981	530.20800286	
86.50000000	0.40517223	1113.14212300	0.07944554	530.19391427	
86.60000000	0.40576245	1113.06324300	0.07956126	530.15634342	
86.70000000	0.40635266	1113.06324300	0.07967699	530.15634342	
86.80000000	0.40694288	1113.02380400	0.07979272	530.13755847	
86.90000000	0.40753309	1113.05338400	0.07990845	530.15164754	
87.00000000	0.40812331	1113.01394400	0.08002418	530.13286211	
87.10000000	0.40871352	1113.05338400	0.08013991	530.15164754	
87.20000000	0.40930374	1113.03366400	0.08025563	530.14225482	
87.30000000	0.40989395	1112.88576600	0.08037136	530.07181043	
87.40000000	0.41048417	1112.52095000	0.08048709	529.89804715	
87.50000000	0.41107438	1112.08711500	0.08060282	529.69140986	
87.60000000	0.41166460	1111.88991700	0.08071855	529.59748369	
87.70000000	0.41225481	1111.36734400	0.08083428	529.34858014	
87.80000000	0.41284503	1111.29832400	0.08095001	529.31570564	
87.90000000	0.41343524	1111.42650300	0.08106573	529.37675780	
88.00000000	0.41402546	1111.27860500	0.08118146	529.30631341	
88.10000000	0.41461567	1111.56454100	0.08129719	529.44250583	
88.20000000	0.41520589	1112.03781600	0.08141292	529.66792855	
88.30000000	0.41579610	1111.73215900	0.08152865	529.52234294	
88.40000000	0.41638632	1111.67300000	0.08164438	529.49416528	
88.50000000	0.41697653	1111.44622300	0.08176010	529.38615051	
88.60000000	0.41756675	1111.10112700	0.08187583	529.22177995	
88.70000000	0.41815696	1111.13070600	0.08199156	529.23586854	
88.80000000	0.41874718	1111.41664300	0.08210729	529.37206144	
88.90000000	0.41933739	1111.49552200	0.08222302	529.40963182	
89.00000000	0.41992761	1111.27860500	0.08233875	529.30631341	
89.10000000	0.42051783	1111.39692300	0.08245448	529.36266873	
89.20000000	0.42110804	1111.07154700	0.08257020	529.20769088	
89.30000000	0.42169826	1111.04196700	0.08268593	529.19360181	
89.40000000	0.42228847	1111.17014600	0.08280166	529.25465397	
89.50000000	0.42287869	1110.85463000	0.08291739	529.10437247	
89.60000000	0.42346890	1110.84477000	0.08303312	529.09967611	
89.70000000	0.42405912	1110.79547000	0.08314885	529.07619433	
89.80000000	0.42464933	1110.66729200	0.08326457	529.01514265	
89.90000000	0.42523955	1110.81519000	0.08338030	529.08558704	
90.00000000	0.42582976	1110.88420900	0.08349603	529.11846106	
90.10000000	0.42641998	1110.44051500	0.08361176	528.90712789	
90.20000000	0.42701019	1110.43065500	0.08372749	528.90243153	
90.30000000	0.42760041	1110.38135500	0.08384322	528.87894975	
90.40000000	0.42819062	1110.19401700	0.08395895	528.78971993	
90.50000000	0.42878084	1110.15457800	0.08407467	528.77093498	
90.60000000	0.42937105	1110.12499800	0.08419040	528.75684592	
90.70000000	0.42996127	1109.87850100	0.08430613	528.63943844	
90.80000000	0.43055148	1109.42494700	0.08442186	528.42340891	
90.90000000	0.43114170	1109.36578700	0.08453759	528.39523077	
91.00000000	0.43173191	1108.93195200	0.08465332	528.18859347	
91.10000000	0.43232213	1108.57699700	0.08476904	528.01952703	
91.20000000	0.43291234	1108.74461500	0.08488477	528.09936413	
91.30000000	0.43350256	1108.73475500	0.08500050	528.09466778	
91.40000000	0.43409277	1108.81363400	0.08511623	528.13223815	
91.50000000	0.43468299	1108.89251300	0.08523196	528.16980853	
91.60000000	0.43527320	1108.45867800	0.08534769	527.96317123	
91.70000000	0.43586342	1108.28120000	0.08546342	527.87863777	
91.80000000	0.43645363	1108.16288200	0.08557914	527.82228245	
91.90000000	0.43704385	1107.89666500	0.08569487	527.69548226	
92.00000000	0.43763406	1107.99526300	0.08581060	527.74244487	
92.10000000	0.43822428	1107.93610400	0.08592633	527.71426721	
92.20000000	0.43881449	1107.76848600	0.08604206	527.63443010	
92.30000000	0.43940471	1107.52198900	0.08615779	527.51702262	
92.40000000	0.43999492	1107.53184900	0.08627351	527.52171898	
92.50000000	0.44058514	1107.28535200	0.08638924	527.40431150	
92.60000000	0.44117535	1107.09801400	0.08650497	527.31508169	
92.70000000	0.44176557	1107.26563200	0.08662070	527.39491879	
92.80000000	0.44235578	1107.16703300	0.08673643	527.34795570	
92.90000000	0.44294600	1107.09801400	0.08685216	527.31508169	
93.00000000	0.44353621	1106.87123700	0.08696789	527.20706692	
93.10000000	0.44412643	1106.47684100	0.08708361	527.01921457	
93.20000000	0.44471664	1106.13174600	0.08719934	526.85484449	
93.30000000	0.44530686	1106.07258600	0.08731507	526.82666635	
93.40000000	0.44589707	1106.02328700	0.08743080	526.80318504	
93.50000000	0.44648729	1105.86552900	0.08754653	526.72804430	
93.60000000	0.44707750	1105.61903200	0.08766226	526.61063682	
93.70000000	0.44766772	1105.42183400	0.08777798	526.51671065	
93.80000000	0.44825793	1105.42183400	0.08789371	526.51671065	
93.90000000	0.44884815	1105.48099300	0.08800944	526.54488831	
94.00000000	0.44943836	1105.61903200	0.08812517	526.61063682	
94.10000000	0.45002858	1105.59931200	0.08824090	526.60124411	
94.20000000	0.45061879	1105.19505700	0.08835663	526.40869588	
94.30000000	0.45120901	1104.78094200	0.08847235	526.21145130	
94.40000000	0.45179923	1104.44570600	0.08858808	526.05177709	
94.50000000	0.45238944	1104.23864800	0.08870381	525.95315456	
94.60000000	0.45297966	1104.20906800	0.08881954	525.93906549	
94.70000000	0.45356987	1104.11046900	0.08893527	525.89210241	
94.80000000	0.45416009	1104.03159000	0.08905100	525.85453203	
94.90000000	0.45475030	1103.67663500	0.08916673	525.68546559	
95.00000000	0.45534052	1103.38083800	0.08928245	525.54457633	
95.10000000	0.45593073	1103.16392100	0.08939818	525.44125792	
95.20000000	0.45652095	1102.70050600	0.08951391	525.22053156	
95.30000000	0.45711116	1102.27653100	0.08962964	525.01859062	
95.40000000	0.45770138	1101.88213600	0.08974537	524.83073875	
95.50000000	0.45829159	1101.65535900	0.08986110	524.72272398	
95.60000000	0.45888181	1101.47788100	0.08997682	524.63819052	
95.70000000	0.45947202	1101.22152400	0.09009255	524.51608669	
95.80000000	0.46006224	1100.98488600	0.09020828	524.40337509	
95.90000000	0.46065245	1100.85670800	0.09032401	524.34232341	
96.00000000	0.46124267	1100.47217300	0.09043974	524.15916790	
96.10000000	0.46183288	1100.16651600	0.09055547	524.01358228	
96.20000000	0.46242310	1099.72282100	0.09067120	523.80224863	
96.30000000	0.46301331	1099.06220900	0.09078692	523.48759657	
96.40000000	0.46360353	1098.93403100	0.09090265	523.42654489	
96.50000000	0.46419374	1098.49033600	0.09101838	523.21521124	
96.60000000	0.46478396	1098.23397900	0.09113411	523.09310741	
96.70000000	0.46537417	1097.78042400	0.09124984	522.87707740	
96.80000000	0.46596439	1096.71555700	0.09136557	522.36987711	
96.90000000	0.46655460	1095.96620600	0.09148129	522.01295832	
97.00000000	0.46714482	1095.14783500	0.09159702	521.62316504	
97.10000000	0.46773503	1094.40834400	0.09171275	521.27094261	
97.20000000	0.46832525	1093.72801200	0.09182848	520.94689783	
97.30000000	0.46891546	1092.77160400	0.09194421	520.49135699	
97.40000000	0.46950568	1091.79547500	0.09205994	520.02642296	
97.50000000	0.47009589	1090.75032700	0.09217567	519.52861491	
97.60000000	0.47068611	1089.42910300	0.09229139	518.89931079	
97.70000000	0.47127632	1088.00928000	0.09240712	518.22304358	
97.80000000	0.47186654	1086.03730300	0.09252285	517.28378328	
97.90000000	0.47245675	1083.42443400	0.09263858	516.03926363	
98.00000000	0.47304697	1080.54534800	0.09275431	514.66794380	
98.10000000	0.47363718	1077.16340800	0.09287004	513.05711265	
98.20000000	0.47422740	1073.28847400	0.09298576	511.21146654	
98.30000000	0.47481761	1069.02900400	0.09310149	509.18266444	
98.40000000	0.47540783	1063.77368600	0.09321722	506.67953608	
98.50000000	0.47599804	1056.74358800	0.09333295	503.33107311	
98.60000000	0.47658826	1046.69636600	0.09344868	498.54554227	
