Total length (mm) = 50	
Gage length (mm) = 5.1	
Width (mm) = 2.21	
Thickness (mm) = 0.95	
----------	
Time (s)	Displacement (mm)	Force (N)	Eng. strain	Eng. stress (MPa)	
0.00000000	0.00000000	58.56777700	0.00000000	27.89605954	
0.10000000	0.00040424	60.25381900	0.00007926	28.69912789	
0.20000000	0.00080847	61.83140200	0.00015852	29.45053679	
0.30000000	0.00121271	63.32024600	0.00023779	30.15967897	
0.40000000	0.00161695	65.30208500	0.00031705	31.10363658	
0.50000000	0.00202119	67.33322300	0.00039631	32.07107549	
0.60000000	0.00242542	69.42352100	0.00047557	33.06669255	
0.70000000	0.00282966	71.30676100	0.00055484	33.96368707	
0.80000000	0.00323390	72.96322300	0.00063410	34.75266635	
0.90000000	0.00363814	74.71828400	0.00071336	35.58860872	
1.00000000	0.00404237	76.62124400	0.00079262	36.49499595	
1.10000000	0.00444661	78.74112100	0.00087188	37.50470160	
1.20000000	0.00485085	80.78211900	0.00095115	38.47683687	
1.30000000	0.00525509	83.01045600	0.00103041	39.53820243	
1.40000000	0.00565932	85.23879200	0.00110967	40.59956752	
1.50000000	0.00606356	87.41782900	0.00118893	41.63745130	
1.60000000	0.00646780	89.40952700	0.00126820	42.58610479	
1.70000000	0.00687204	91.52940500	0.00134746	43.59581091	
1.80000000	0.00727627	93.19572700	0.00142672	44.38948654	
1.90000000	0.00768051	95.20714500	0.00150598	45.34753275	
2.00000000	0.00808475	97.32702300	0.00158524	46.35723887	
2.10000000	0.00848899	99.28914200	0.00166451	47.29180376	
2.20000000	0.00889322	101.48789800	0.00174377	48.33907978	
2.30000000	0.00929746	103.35141800	0.00182303	49.22668159	
2.40000000	0.00970170	105.40227600	0.00190229	50.20351322	
2.50000000	0.01010594	107.45313400	0.00198156	51.18034484	
2.60000000	0.01051017	109.48427200	0.00206082	52.14778376	
2.70000000	0.01091441	111.78162800	0.00214008	53.24202334	
2.80000000	0.01131865	114.07898300	0.00221934	54.33626244	
2.90000000	0.01172289	116.05096200	0.00229861	55.27552370	
3.00000000	0.01212712	118.12154000	0.00237787	56.26174804	
3.10000000	0.01253136	120.06393900	0.00245713	57.18692022	
3.20000000	0.01293560	121.95703900	0.00253639	58.08861110	
3.30000000	0.01333984	124.23467400	0.00261565	59.17345749	
3.40000000	0.01374407	126.51231000	0.00269492	60.25830436	
3.50000000	0.01414831	128.58288800	0.00277418	61.24452870	
3.60000000	0.01455255	131.01828200	0.00285344	62.40451631	
3.70000000	0.01495679	133.14801900	0.00293270	63.41891831	
3.80000000	0.01536102	135.43551400	0.00301197	64.50846106	
3.90000000	0.01576526	137.61455100	0.00309123	65.54634484	
4.00000000	0.01616950	139.52737000	0.00317049	66.45742796	
4.10000000	0.01657373	141.66696700	0.00324975	67.47652632	
4.20000000	0.01697797	143.60936700	0.00332901	68.40169898	
4.30000000	0.01738221	145.74896400	0.00340828	69.42079733	
4.40000000	0.01778645	147.82940100	0.00348754	70.41171755	
4.50000000	0.01819068	150.16619600	0.00356680	71.52474208	
4.60000000	0.01859492	152.35509300	0.00364606	72.56732222	
4.70000000	0.01899916	154.63272800	0.00372533	73.65216861	
4.80000000	0.01940340	156.75260500	0.00380459	74.66187426	
4.90000000	0.01980763	158.68514500	0.00388385	75.58235056	
5.00000000	0.02021187	160.99236000	0.00396311	76.68128602	
5.10000000	0.02061611	163.08265700	0.00404237	77.67690260	
5.20000000	0.02102035	165.33071300	0.00412164	78.74766040	
5.30000000	0.02142458	167.05619500	0.00420090	79.56951417	
5.40000000	0.02182882	169.08733300	0.00428016	80.53695308	
5.50000000	0.02223306	171.34524800	0.00435942	81.61240676	
5.60000000	0.02263730	173.54400500	0.00443869	82.65968326	
5.70000000	0.02304153	176.02869800	0.00451795	83.84315218	
5.80000000	0.02344577	178.14857500	0.00459721	84.85285782	
5.90000000	0.02385001	180.24873300	0.00467647	85.85317123	
6.00000000	0.02425425	182.18127200	0.00475573	86.77364706	
6.10000000	0.02465848	184.56736600	0.00483500	87.91015289	
6.20000000	0.02506272	186.68724300	0.00491426	88.91985854	
6.30000000	0.02546696	189.18179600	0.00499352	90.10802382	
6.40000000	0.02587120	191.75522900	0.00507278	91.33375994	
6.50000000	0.02627543	193.77650700	0.00515205	92.29650250	
6.60000000	0.02667967	196.15274100	0.00523131	93.42831198	
6.70000000	0.02708391	197.99654100	0.00531057	94.30652108	
6.80000000	0.02748815	200.08683900	0.00538983	95.30213813	
6.90000000	0.02789238	202.03909800	0.00546909	96.23200667	
7.00000000	0.02829662	204.12939500	0.00554836	97.22762324	
7.10000000	0.02870086	206.48591000	0.00562762	98.35004049	
7.20000000	0.02910510	208.67480600	0.00570688	99.39262015	
7.30000000	0.02950933	211.13977900	0.00578614	100.56669636	
7.40000000	0.02991357	213.38783500	0.00586541	101.63745416	
7.50000000	0.03031781	215.53729200	0.00594467	102.66124887	
7.60000000	0.03072204	217.62758900	0.00602393	103.65686544	
7.70000000	0.03112628	219.66858700	0.00610319	104.62900071	
7.80000000	0.03153052	222.13356100	0.00618245	105.80307740	
7.90000000	0.03193476	224.27315800	0.00626172	106.82217576	
8.00000000	0.03233899	226.50149300	0.00634098	107.88354037	
8.10000000	0.03274323	228.97632700	0.00642024	109.06231341	
8.20000000	0.03314747	230.83984700	0.00649950	109.94991522	
8.30000000	0.03355171	233.21608100	0.00657877	111.08172470	
8.40000000	0.03395594	235.51343600	0.00665803	112.17596380	
8.50000000	0.03436018	237.58401400	0.00673729	113.16218814	
8.60000000	0.03476442	239.73347000	0.00681655	114.18598238	
8.70000000	0.03516866	241.74488900	0.00689582	115.14402905	
8.80000000	0.03557289	244.07182300	0.00697508	116.25235675	
8.90000000	0.03597713	246.09310100	0.00705434	117.21509931	
9.00000000	0.03638137	248.58765400	0.00713360	118.40326459	
9.10000000	0.03678561	250.93430900	0.00721286	119.52098547	
9.20000000	0.03718984	252.78796900	0.00729213	120.40389093	
9.30000000	0.03759408	255.31210200	0.00737139	121.60614527	
9.40000000	0.03799832	257.40239900	0.00745065	122.60176185	
9.50000000	0.03840256	259.55185600	0.00752991	123.62555656	
9.60000000	0.03880679	261.88865000	0.00760918	124.73858061	
9.70000000	0.03921103	263.70287100	0.00768844	125.60270112	
9.80000000	0.03961527	265.73400900	0.00776770	126.57014003	
9.90000000	0.04001951	267.86374500	0.00784696	127.58454156	
10.00000000	0.04042374	270.05264200	0.00792622	128.62712170	
10.10000000	0.04082798	272.47817500	0.00800549	129.78241248	
10.20000000	0.04123222	274.47973400	0.00808475	130.73576280	
10.30000000	0.04163646	276.61933000	0.00816401	131.75486068	
10.40000000	0.04204069	278.66032800	0.00824327	132.72699595	
10.50000000	0.04244493	280.76048500	0.00832254	133.72730888	
10.60000000	0.04284917	283.29447800	0.00840180	134.93425959	
10.70000000	0.04325341	285.36505500	0.00848106	135.92048345	
10.80000000	0.04365764	287.55395200	0.00856032	136.96306359	
10.90000000	0.04406188	289.61466900	0.00863958	137.94459109	
11.00000000	0.04446612	291.61622700	0.00871885	138.89794094	
11.10000000	0.04487036	293.91358200	0.00879811	139.99218004	
11.20000000	0.04527459	295.97430000	0.00887737	140.97370803	
11.30000000	0.04567883	298.25193500	0.00895663	142.05855442	
11.40000000	0.04608307	300.41125200	0.00903590	143.08704549	
11.50000000	0.04648730	302.33393100	0.00911516	144.00282496	
11.60000000	0.04689154	304.57212700	0.00919442	145.06888640	
11.70000000	0.04729578	306.89906100	0.00927368	146.17721410	
11.80000000	0.04770002	309.09781700	0.00935294	147.22449012	
11.90000000	0.04810425	311.40503200	0.00943221	148.32342558	
12.00000000	0.04850849	313.76154600	0.00951147	149.44584234	
12.10000000	0.04891273	315.78282400	0.00959073	150.40858490	
12.20000000	0.04931697	318.09989900	0.00966999	151.51221672	
12.30000000	0.04972120	320.56487200	0.00974926	152.68629293	
12.40000000	0.05012544	322.71432900	0.00982852	153.71008764	
12.50000000	0.05052968	324.89336500	0.00990778	154.74797095	
12.60000000	0.05093392	327.22030000	0.00998704	155.85629912	
12.70000000	0.05133815	329.28101700	0.01006630	156.83782663	
12.80000000	0.05174239	331.49949300	0.01014557	157.89449536	
12.90000000	0.05214663	333.66866900	0.01022483	158.92768231	
13.00000000	0.05255087	335.58148900	0.01030409	159.83876590	
13.10000000	0.05295510	337.66192600	0.01038335	160.82968612	
13.20000000	0.05335934	339.79166300	0.01046262	161.84408812	
13.30000000	0.05376358	342.02985800	0.01054188	162.91014908	
13.40000000	0.05416782	344.08071600	0.01062114	163.88698071	
13.50000000	0.05457205	346.08227400	0.01070040	164.84033055	
13.60000000	0.05497629	348.35004900	0.01077966	165.92048059	
13.70000000	0.05538053	350.72628300	0.01085893	167.05229007	
13.80000000	0.05578477	353.01377800	0.01093819	168.14183282	
13.90000000	0.05618900	355.17309500	0.01101745	169.17032389	
14.00000000	0.05659324	357.17465300	0.01109671	170.12367373	
14.10000000	0.05699748	359.03817200	0.01117598	171.01127507	
14.20000000	0.05740172	361.01015100	0.01125524	171.95053632	
14.30000000	0.05780595	363.26806600	0.01133450	173.02599000	
14.40000000	0.05821019	365.67388000	0.01141376	174.17188854	
14.50000000	0.05861443	367.61627800	0.01149303	175.09706025	
14.60000000	0.05901867	369.83475400	0.01157229	176.15372898	
14.70000000	0.05942290	371.90533100	0.01165155	177.13995285	
14.80000000	0.05982714	373.54207400	0.01173081	177.91953989	
14.90000000	0.06023138	376.00704700	0.01181007	179.09361610	
15.00000000	0.06063561	378.38328100	0.01188934	180.22542558	
15.10000000	0.06103985	380.77923400	0.01196860	181.36662729	
15.20000000	0.06144409	383.45126500	0.01204786	182.63932603	
15.30000000	0.06184833	385.57114200	0.01212712	183.64903167	
15.40000000	0.06225256	387.57270000	0.01220639	184.60238152	
15.50000000	0.06265680	389.72215600	0.01228565	185.62617576	
15.60000000	0.06306104	391.64483500	0.01236491	186.54195523	
15.70000000	0.06346528	393.89289000	0.01244417	187.61271255	
15.80000000	0.06386951	396.46632200	0.01252343	188.83844820	
15.90000000	0.06427375	398.55661900	0.01260270	189.83406478	
16.00000000	0.06467799	400.85397400	0.01268196	190.92830388	
16.10000000	0.06508223	402.87525200	0.01276122	191.89104644	
16.20000000	0.06548646	404.83737000	0.01284048	192.82561086	
16.30000000	0.06589070	407.18402500	0.01291975	193.94333175	
16.40000000	0.06629494	409.45180000	0.01299901	195.02348178	
16.50000000	0.06669918	411.89705300	0.01307827	196.18816528	
16.60000000	0.06710341	413.83945100	0.01315753	197.11333698	
16.70000000	0.06750765	415.97904800	0.01323679	198.13243534	
16.80000000	0.06791189	417.67494900	0.01331606	198.94019957	
16.90000000	0.06831613	419.68636700	0.01339532	199.89824577	
17.00000000	0.06872036	421.87526300	0.01347458	200.94082543	
17.10000000	0.06912460	424.06415900	0.01355384	201.98340510	
17.20000000	0.06952884	426.43053300	0.01363311	203.11051822	
17.30000000	0.06993308	428.32363200	0.01371237	204.01220862	
17.40000000	0.07033731	430.31533000	0.01379163	204.96086211	
17.50000000	0.07074155	432.21828900	0.01387089	205.86724887	
17.60000000	0.07114579	434.46634400	0.01395015	206.93800619	
17.70000000	0.07155003	436.87215800	0.01402942	208.08390474	
17.80000000	0.07195426	439.20895200	0.01410868	209.19692879	
17.90000000	0.07235850	441.31896900	0.01418794	210.20193808	
18.00000000	0.07276274	443.36982600	0.01426720	211.17876923	
18.10000000	0.07316698	445.46012300	0.01434647	212.17438581	
18.20000000	0.07357121	447.58986000	0.01442573	213.18878781	
18.30000000	0.07397545	449.55197800	0.01450499	214.12335223	
18.40000000	0.07437969	451.39577800	0.01458425	215.00156132	
18.50000000	0.07478393	453.46635500	0.01466351	215.98778519	
18.60000000	0.07518816	455.31015500	0.01474278	216.86599428	
18.70000000	0.07559240	457.77512700	0.01482204	218.04007002	
18.80000000	0.07599664	460.17108100	0.01490130	219.18127221	
18.90000000	0.07640087	462.17263900	0.01498056	220.13462205	
19.00000000	0.07680511	464.43055400	0.01505983	221.21007573	
19.10000000	0.07720935	466.17575500	0.01513909	222.04132174	
19.20000000	0.07761359	468.18717300	0.01521835	222.99936794	
19.30000000	0.07801782	470.23803000	0.01529761	223.97619910	
19.40000000	0.07842206	472.35790600	0.01537687	224.98590426	
19.50000000	0.07882630	474.76372000	0.01545614	226.13180281	
19.60000000	0.07923054	476.75541800	0.01553540	227.08045630	
19.70000000	0.07963477	478.93445400	0.01561466	228.11833960	
19.80000000	0.08003901	481.01489100	0.01569392	229.10925982	
19.90000000	0.08044325	482.93756900	0.01577319	230.02503882	
20.00000000	0.08084749	485.09688600	0.01585245	231.05352989	
20.10000000	0.08125172	487.51255900	0.01593171	232.20412432	
20.20000000	0.08165596	489.44509700	0.01601097	233.12459967	
20.30000000	0.08206020	491.35791600	0.01609024	234.03568278	
20.40000000	0.08246444	493.55667200	0.01616950	235.08295880	
20.50000000	0.08286867	495.41033100	0.01624876	235.96586378	
20.60000000	0.08327291	497.54006800	0.01632802	236.98026578	
20.70000000	0.08367715	499.77826300	0.01640728	238.04632674	
20.80000000	0.08408139	501.85870000	0.01648655	239.03724696	
20.90000000	0.08448562	503.78137900	0.01656581	239.95302643	
21.00000000	0.08488986	505.91111500	0.01664507	240.96742796	
21.10000000	0.08529410	508.10001100	0.01672433	242.01000762	
21.20000000	0.08569834	510.11142800	0.01680360	242.96805335	
21.30000000	0.08610257	512.22144500	0.01688286	243.97306263	
21.40000000	0.08650681	514.14412400	0.01696212	244.88884211	
21.50000000	0.08691105	516.17526100	0.01704138	245.85628054	
21.60000000	0.08731529	518.21625800	0.01712064	246.82841534	
21.70000000	0.08771952	520.35585500	0.01719991	247.84751369	
21.80000000	0.08812376	522.62363000	0.01727917	248.92766373	
21.90000000	0.08852800	524.70406600	0.01735843	249.91858347	
22.00000000	0.08893224	526.50842600	0.01743769	250.77800714	
22.10000000	0.08933647	528.34236600	0.01751696	251.65151989	
22.20000000	0.08974071	530.47210200	0.01759622	252.66592141	
22.30000000	0.09014495	532.53281900	0.01767548	253.64744892	
22.40000000	0.09054918	534.77101500	0.01775474	254.71351036	
22.50000000	0.09095342	536.96977000	0.01783400	255.76078590	
22.60000000	0.09135766	538.94174800	0.01791327	256.70004668	
22.70000000	0.09176190	540.63764900	0.01799253	257.50781091	
22.80000000	0.09216613	542.72794600	0.01807179	258.50342748	
22.90000000	0.09257037	544.69006400	0.01815105	259.43799190	
23.00000000	0.09297461	546.57330300	0.01823032	260.33498595	
23.10000000	0.09337885	549.00869600	0.01830958	261.49497309	
23.20000000	0.09378308	551.08913300	0.01838884	262.48589331	
23.30000000	0.09418732	553.11041000	0.01846810	263.44863539	
23.40000000	0.09459156	555.21056700	0.01854736	264.44894832	
23.50000000	0.09499580	556.88674800	0.01862663	265.24731984	
23.60000000	0.09540003	558.76012700	0.01870589	266.13961753	
23.70000000	0.09580427	560.60392700	0.01878515	267.01782663	
23.80000000	0.09620851	562.66464400	0.01886441	267.99935413	
23.90000000	0.09661275	564.72536100	0.01894368	268.98088164	
24.00000000	0.09701698	566.82551800	0.01902294	269.98119457	
24.10000000	0.09742122	568.77777600	0.01910220	270.91106263	
24.20000000	0.09782546	570.73989400	0.01918146	271.84562705	
24.30000000	0.09822970	572.83019100	0.01926072	272.84124363	
24.40000000	0.09863393	574.79230900	0.01933999	273.77580805	
24.50000000	0.09903817	577.06994300	0.01941925	274.86065397	
24.60000000	0.09944241	579.08136100	0.01949851	275.81870017	
24.70000000	0.09984665	581.38857500	0.01957777	276.91763515	
24.80000000	0.10025088	583.62677000	0.01965704	277.98369612	
24.90000000	0.10065512	585.51000900	0.01973630	278.88069016	
25.00000000	0.10105936	587.40310800	0.01981556	279.78238057	
25.10000000	0.10146360	589.32578600	0.01989482	280.69815956	
25.20000000	0.10186783	591.18930500	0.01997408	281.58576090	
25.30000000	0.10227207	593.42750000	0.02005335	282.65182186	
25.40000000	0.10267631	595.62625600	0.02013261	283.69909788	
25.50000000	0.10308055	597.56865400	0.02021187	284.62426959	
25.60000000	0.10348478	599.77726900	0.02029113	285.67624149	
25.70000000	0.10388902	601.69994800	0.02037040	286.59202096	
25.80000000	0.10429326	603.62262600	0.02044966	287.50779995	
25.90000000	0.10469750	605.97914000	0.02052892	288.63021672	
26.00000000	0.10510173	607.74406000	0.02060818	289.47085497	
26.10000000	0.10550597	609.94281600	0.02068745	290.51813098	
26.20000000	0.10591021	612.02325200	0.02076671	291.50905073	
26.30000000	0.10631444	613.60083500	0.02084597	292.26045963	
26.40000000	0.10671868	615.61225200	0.02092523	293.21850536	
26.50000000	0.10712292	617.55465000	0.02100449	294.14367707	
26.60000000	0.10752716	619.51676800	0.02108376	295.07824149	
26.70000000	0.10793139	621.65636400	0.02116302	296.09733937	
26.80000000	0.10833563	623.70722100	0.02124228	297.07417052	
26.90000000	0.10873987	625.80737800	0.02132154	298.07448345	
27.00000000	0.10914411	627.77935600	0.02140081	299.01374422	
27.10000000	0.10954834	629.84993200	0.02148007	299.99996761	
27.20000000	0.10995258	631.66415200	0.02155933	300.86408764	
27.30000000	0.11035682	633.64599000	0.02163859	301.80804477	
27.40000000	0.11076106	635.62782700	0.02171785	302.75200143	
27.50000000	0.11116529	637.69840400	0.02179712	303.73822529	
27.60000000	0.11156953	639.95631900	0.02187638	304.81367897	
27.70000000	0.11197377	641.81983800	0.02195564	305.70128030	
27.80000000	0.11237801	643.86083500	0.02203490	306.67341510	
27.90000000	0.11278224	645.77365300	0.02211417	307.58449774	
28.00000000	0.11318648	647.75549100	0.02219343	308.52845487	
28.10000000	0.11359072	649.52041100	0.02227269	309.36909312	
28.20000000	0.11399496	651.76846600	0.02235195	310.43985044	
28.30000000	0.11439919	653.73058400	0.02243121	311.37441486	
28.40000000	0.11480343	655.49550400	0.02251048	312.21505311	
28.50000000	0.11520767	657.95061600	0.02258974	313.38443248	
28.60000000	0.11561191	659.80427500	0.02266900	314.26733746	
28.70000000	0.11601614	661.62835500	0.02274826	315.13615385	
28.80000000	0.11642038	663.65949200	0.02282753	316.10359228	
28.90000000	0.11682462	665.39483300	0.02290679	316.93014194	
29.00000000	0.11722886	667.50484900	0.02298605	317.93515075	
29.10000000	0.11763309	669.57542500	0.02306531	318.92137414	
29.20000000	0.11803733	671.70516100	0.02314457	319.93577566	
29.30000000	0.11844157	673.77573800	0.02322384	320.92199952	
29.40000000	0.11884581	675.69841600	0.02330310	321.83777852	
29.50000000	0.11925004	677.59151500	0.02338236	322.73946892	
29.60000000	0.11965428	679.46489400	0.02346162	323.63176661	
29.70000000	0.12005852	681.33827300	0.02354089	324.52406430	
29.80000000	0.12046276	683.23137100	0.02362015	325.42575423	
29.90000000	0.12086699	685.25264900	0.02369941	326.38849678	
30.00000000	0.12127123	687.22462600	0.02377867	327.32775709	
30.10000000	0.12167547	689.18674400	0.02385793	328.26232151	
30.20000000	0.12207970	691.07984300	0.02393720	329.16401191	
30.30000000	0.12248394	693.02224100	0.02401646	330.08918362	
30.40000000	0.12288818	694.95477900	0.02409572	331.00965897	
30.50000000	0.12329242	696.53236100	0.02417498	331.76106740	
30.60000000	0.12369665	698.34658100	0.02425425	332.62518743	
30.70000000	0.12410089	700.31855800	0.02433351	333.56444773	
30.80000000	0.12450513	702.15249800	0.02441277	334.43796047	
30.90000000	0.12490937	704.24279400	0.02449203	335.43357657	
31.00000000	0.12531360	706.28379100	0.02457129	336.40571136	
31.10000000	0.12571784	708.09801000	0.02465056	337.26983091	
31.20000000	0.12612208	710.03054800	0.02472982	338.19030626	
31.30000000	0.12652632	711.89406700	0.02480908	339.07790760	
31.40000000	0.12693055	713.82660500	0.02488834	339.99838295	
31.50000000	0.12733479	715.82816300	0.02496761	340.95173279	
31.60000000	0.12773903	717.90859900	0.02504687	341.94265254	
31.70000000	0.12814327	719.66365900	0.02512613	342.77859443	
31.80000000	0.12854750	721.37928000	0.02520539	343.59575137	
31.90000000	0.12895174	723.20335900	0.02528466	344.46456728	
32.00000000	0.12935598	724.87954000	0.02536392	345.26293879	
32.10000000	0.12976022	727.11773500	0.02544318	346.32899976	
32.20000000	0.13016445	729.03055300	0.02552244	347.24008240	
32.30000000	0.13056869	730.96309100	0.02560170	348.16055775	
32.40000000	0.13097293	732.96464900	0.02568097	349.11390760	
32.50000000	0.13137717	734.63097000	0.02576023	349.90758276	
32.60000000	0.13178140	736.59308700	0.02583949	350.84214670	
32.70000000	0.13218564	738.27912800	0.02591875	351.64521457	
32.80000000	0.13258988	740.27082600	0.02599802	352.59386806	
32.90000000	0.13299412	742.45972100	0.02607728	353.63644725	
33.00000000	0.13339835	744.37253900	0.02615654	354.54752989	
33.10000000	0.13380259	746.39381600	0.02623580	355.51027197	
33.20000000	0.13420683	748.27705500	0.02631506	356.40726602	
33.30000000	0.13461107	749.93351600	0.02639433	357.19624482	
33.40000000	0.13501530	751.60969700	0.02647359	357.99461634	
33.50000000	0.13541954	753.53237500	0.02655285	358.91039533	
33.60000000	0.13582378	755.33673400	0.02663211	359.76981853	
33.70000000	0.13622801	757.40731100	0.02671138	360.75604239	
33.80000000	0.13663225	759.43844800	0.02679064	361.72348083	
33.90000000	0.13703649	761.33154600	0.02686990	362.62517075	
34.00000000	0.13744073	762.98800700	0.02694916	363.41414956	
34.10000000	0.13784496	764.74306700	0.02702842	364.25009145	
34.20000000	0.13824920	766.67560500	0.02710769	365.17056680	
34.30000000	0.13865344	768.64758300	0.02718695	366.10982758	
34.40000000	0.13905768	770.76745900	0.02726621	367.11953275	
34.50000000	0.13946191	772.59153800	0.02734547	367.98834865	
34.60000000	0.13986615	774.62267500	0.02742474	368.95578709	
34.70000000	0.14027039	776.35801500	0.02750400	369.78233627	
34.80000000	0.14067463	778.14265500	0.02758326	370.63236723	
34.90000000	0.14107886	779.82869500	0.02766252	371.43543463	
35.00000000	0.14148310	781.47529700	0.02774178	372.21971755	
35.10000000	0.14188734	783.09231800	0.02782105	372.98991093	
35.20000000	0.14229158	784.83751800	0.02790031	373.82115647	
35.30000000	0.14269581	786.87851500	0.02797957	374.79329126	
35.40000000	0.14310005	788.91951200	0.02805883	375.76542605	
35.50000000	0.14350429	790.70415100	0.02813810	376.61545654	
35.60000000	0.14390853	792.64654900	0.02821736	377.54062824	
35.70000000	0.14431276	794.33259000	0.02829662	378.34369612	
35.80000000	0.14471700	795.77213400	0.02837588	379.02935651	
35.90000000	0.14512124	797.61593200	0.02845514	379.90756466	
36.00000000	0.14552548	799.32169300	0.02853441	380.72002524	
36.10000000	0.14592971	801.36269000	0.02861367	381.69216004	
36.20000000	0.14633395	803.47270500	0.02869293	382.69716837	
36.30000000	0.14673819	805.66160000	0.02877219	383.73974756	
36.40000000	0.14714243	807.49553900	0.02885146	384.61325982	
36.50000000	0.14754666	809.12242100	0.02893072	385.38815004	
36.60000000	0.14795090	810.67042300	0.02900998	386.12546940	
36.70000000	0.14835514	812.32688400	0.02908924	386.91444820	
36.80000000	0.14875938	814.18054300	0.02916850	387.79735318	
36.90000000	0.14916361	816.05392200	0.02924777	388.68965087	
37.00000000	0.14956785	817.86814100	0.02932703	389.55377042	
37.10000000	0.14997209	819.71194000	0.02940629	390.43197904	
37.20000000	0.15037633	821.25008200	0.02948555	391.16460205	
37.30000000	0.15078056	823.14318000	0.02956482	392.06629197	
37.40000000	0.15118480	825.14473700	0.02964408	393.01964134	
37.50000000	0.15158904	826.94909700	0.02972334	393.87906502	
37.60000000	0.15199327	828.96051400	0.02980260	394.83711074	
37.70000000	0.15239751	830.63669400	0.02988187	395.63548178	
37.80000000	0.15280175	832.15511700	0.02996113	396.35871255	
37.90000000	0.15320599	833.74255900	0.03004039	397.11481734	
38.00000000	0.15361022	835.66523700	0.03011965	398.03059633	
38.10000000	0.15401446	837.55833500	0.03019891	398.93228626	
38.20000000	0.15441870	839.71765000	0.03027818	399.96077638	
38.30000000	0.15482294	841.66004800	0.03035744	400.88594808	
38.40000000	0.15522717	843.36580800	0.03043670	401.69840819	
38.50000000	0.15563141	845.15044800	0.03051596	402.54843915	
38.60000000	0.15603565	846.98438700	0.03059523	403.42195142	
38.70000000	0.15643989	848.87748500	0.03067449	404.32364134	
38.80000000	0.15684412	850.72128400	0.03075375	405.20184996	
38.90000000	0.15724836	852.66368200	0.03083301	406.12702167	
39.00000000	0.15765260	854.37930200	0.03091227	406.94417814	
39.10000000	0.15805684	856.12450200	0.03099154	407.77542367	
39.20000000	0.15846107	857.93872100	0.03107080	408.63954322	
39.30000000	0.15886531	859.51630300	0.03115006	409.39095166	
39.40000000	0.15926955	861.20234300	0.03122932	410.19401905	
39.50000000	0.15967379	862.84894400	0.03130859	410.97830150	
39.60000000	0.16007802	864.58428400	0.03138785	411.80485068	
39.70000000	0.16048226	866.51682200	0.03146711	412.72532603	
39.80000000	0.16088650	868.20286300	0.03154637	413.52839390	
39.90000000	0.16129074	870.05652100	0.03162563	414.41129840	
40.00000000	0.16169497	871.78200200	0.03170490	415.23315170	
40.10000000	0.16209921	873.51734200	0.03178416	416.05970088	
40.20000000	0.16250345	875.32170100	0.03186342	416.91912408	
40.30000000	0.16290769	877.03732100	0.03194268	417.73628054	
40.40000000	0.16331192	878.71350200	0.03202195	418.53465206	
40.50000000	0.16371616	880.24178400	0.03210121	419.26257871	
40.60000000	0.16412040	881.93768500	0.03218047	420.07034294	
40.70000000	0.16452464	883.56456600	0.03225973	420.84523267	
40.80000000	0.16492887	885.45766400	0.03233899	421.74692260	
40.90000000	0.16533311	887.10426500	0.03241826	422.53120505	
41.00000000	0.16573735	888.94806400	0.03249752	423.40941367	
41.10000000	0.16614158	890.83130200	0.03257678	424.30640724	
41.20000000	0.16654582	892.40888400	0.03265604	425.05781567	
41.30000000	0.16695006	894.08506400	0.03273531	425.85618671	
41.40000000	0.16735430	895.67250600	0.03281457	426.61229150	
41.50000000	0.16775853	897.13176900	0.03289383	427.30734413	
41.60000000	0.16816277	898.63047200	0.03297309	428.02118219	
41.70000000	0.16856701	900.31651200	0.03305235	428.82424958	
41.80000000	0.16897125	901.94339400	0.03313162	429.59913980	
41.90000000	0.16937548	903.58013500	0.03321088	430.37872589	
42.00000000	0.16977972	905.15771600	0.03329014	431.13013384	
42.10000000	0.17018396	906.74515800	0.03336940	431.88623863	
42.20000000	0.17058820	908.26358000	0.03344867	432.60946892	
42.30000000	0.17099243	909.89046200	0.03352793	433.38435913	
42.40000000	0.17139667	911.59622200	0.03360719	434.19681924	
42.50000000	0.17180091	913.23296300	0.03368645	434.97640533	
42.60000000	0.17220515	914.94858300	0.03376571	435.79356180	
42.70000000	0.17260938	916.84168100	0.03384498	436.69525173	
42.80000000	0.17301362	918.62632100	0.03392424	437.54528269	
42.90000000	0.17341786	920.60815800	0.03400350	438.48923934	
43.00000000	0.17382210	922.04770100	0.03408276	439.17489926	
43.10000000	0.17422633	923.66472200	0.03416203	439.94509264	
43.20000000	0.17463057	925.40006200	0.03424129	440.77164182	
43.30000000	0.17503481	926.89876500	0.03432055	441.48547988	
43.40000000	0.17543905	928.96934100	0.03439981	442.47170326	
43.50000000	0.17584328	930.61594200	0.03447908	443.25598571	
43.60000000	0.17624752	932.10478400	0.03455834	443.96512693	
43.70000000	0.17665176	933.83026400	0.03463760	444.78697976	
43.80000000	0.17705600	935.32896700	0.03471686	445.50081781	
43.90000000	0.17746023	936.86710900	0.03479612	446.23344082	
44.00000000	0.17786447	938.59258900	0.03487539	447.05529364	
44.10000000	0.17826871	939.96311300	0.03495465	447.70807954	
44.20000000	0.17867295	941.64915400	0.03503391	448.51114742	
44.30000000	0.17907718	943.53239200	0.03511317	449.40814099	
44.40000000	0.17948142	945.23815200	0.03519244	450.22060110	
44.50000000	0.17988566	947.36788700	0.03527170	451.23500214	
44.60000000	0.18028990	949.11308700	0.03535096	452.06624768	
44.70000000	0.18069413	950.80898700	0.03543022	452.87401143	
44.80000000	0.18109837	952.62320600	0.03550948	453.73813098	
44.90000000	0.18150261	954.30924700	0.03558875	454.54119886	
45.00000000	0.18190684	956.15304500	0.03566801	455.41940700	
45.10000000	0.18231108	957.75034600	0.03574727	456.18020767	
45.20000000	0.18271532	959.38708700	0.03582653	456.95979376	
45.30000000	0.18311956	960.83649100	0.03590580	457.65015051	
45.40000000	0.18352379	962.44365200	0.03598506	458.41564754	
45.50000000	0.18392803	964.07053300	0.03606432	459.19053727	
45.60000000	0.18433227	965.64811500	0.03614358	459.94194570	
45.70000000	0.18473651	967.70883100	0.03622284	460.92347273	
45.80000000	0.18514074	969.59206900	0.03630211	461.82046630	
45.90000000	0.18554498	971.21895000	0.03638137	462.59535604	
46.00000000	0.18594922	972.93457000	0.03646063	463.41251250	
46.10000000	0.18635346	974.38397300	0.03653989	464.10286878	
46.20000000	0.18675769	975.71505700	0.03661916	464.73686925	
46.30000000	0.18716193	977.51941600	0.03669842	465.59629245	
46.40000000	0.18756617	979.27447600	0.03677768	466.43223434	
46.50000000	0.18797041	980.87177700	0.03685694	467.19303501	
46.60000000	0.18837464	982.42963900	0.03693620	467.93505073	
46.70000000	0.18877888	983.86918200	0.03701547	468.62071065	
46.80000000	0.18918312	985.57494200	0.03709473	469.43317075	
46.90000000	0.18958736	987.25112300	0.03717399	470.23154227	
47.00000000	0.18999159	989.35127800	0.03725325	471.23185425	
47.10000000	0.19039583	991.13591700	0.03733252	472.08188473	
47.20000000	0.19080007	992.76279800	0.03741178	472.85677447	
47.30000000	0.19120431	994.64603600	0.03749104	473.75376804	
47.40000000	0.19160854	996.17431900	0.03757030	474.48169517	
47.50000000	0.19201278	997.98853700	0.03764956	475.34581424	
47.60000000	0.19241702	999.84219600	0.03772883	476.22871922	
47.70000000	0.19282126	1001.27187900	0.03780809	476.90968278	
47.80000000	0.19322549	1002.91848000	0.03788735	477.69396523	
47.90000000	0.19362973	1004.52564100	0.03796661	478.45946225	
48.00000000	0.19403397	1006.20182100	0.03804588	479.25783329	
48.10000000	0.19443821	1007.96674100	0.03812514	480.09847154	
48.20000000	0.19484244	1009.42600400	0.03820440	480.79352417	
48.30000000	0.19524668	1010.92470600	0.03828366	481.50736175	
48.40000000	0.19565092	1012.40368900	0.03836293	482.21180710	
48.50000000	0.19605515	1013.92211100	0.03844219	482.93503739	
48.60000000	0.19645939	1015.73633000	0.03852145	483.79915694	
48.70000000	0.19686363	1017.49138900	0.03860071	484.63509836	
48.80000000	0.19726787	1019.16757000	0.03867997	485.43346987	
48.90000000	0.19767210	1020.83389000	0.03875924	486.22714456	
49.00000000	0.19807634	1022.25371300	0.03883850	486.90341176	
49.10000000	0.19848058	1023.65381700	0.03891776	487.57028673	
49.20000000	0.19888482	1024.82714300	0.03899702	488.12914646	
49.30000000	0.19928905	1026.13850800	0.03907629	488.75375470	
49.40000000	0.19969329	1027.57805100	0.03915555	489.43941462	
49.50000000	0.20009753	1029.20493200	0.03923481	490.21430436	
49.60000000	0.20050177	1031.21634800	0.03931407	491.17234961	
49.70000000	0.20090600	1033.13902600	0.03939333	492.08812860	
49.80000000	0.20131024	1034.73632700	0.03947260	492.84892927	
49.90000000	0.20171448	1036.35334800	0.03955186	493.61912265	
50.00000000	0.20211872	1037.21115800	0.03963112	494.02770088	
50.10000000	0.20252295	1038.50280300	0.03971038	494.64291641	
50.20000000	0.20292719	1040.13954400	0.03978965	495.42250250	
50.30000000	0.20333143	1041.58894700	0.03986891	496.11285878	
50.40000000	0.20373567	1043.60036300	0.03994817	497.07090402	
50.50000000	0.20413990	1045.31598300	0.04002743	497.88806049	
50.60000000	0.20454414	1046.85412500	0.04010669	498.62068350	
50.70000000	0.20494838	1048.24436800	0.04018596	499.28286163	
50.80000000	0.20535262	1049.82195000	0.04026522	500.03427006	
50.90000000	0.20575685	1051.17275400	0.04034448	500.67766325	
51.00000000	0.20616109	1052.74047500	0.04042374	501.42437485	
51.10000000	0.20656533	1054.24903800	0.04050301	502.14290926	
51.20000000	0.20696957	1055.63928100	0.04058227	502.80508740	
51.30000000	0.20737380	1057.14784400	0.04066153	503.52362181	
51.40000000	0.20777804	1058.60710600	0.04074079	504.21867397	
51.50000000	0.20818228	1059.99735000	0.04082005	504.88085258	
51.60000000	0.20858652	1061.24955500	0.04089932	505.47728269	
51.70000000	0.20899075	1062.33414300	0.04097858	505.99387616	
51.80000000	0.20939499	1063.46802900	0.04105784	506.53395046	
51.90000000	0.20979923	1064.89771200	0.04113710	507.21491403	
52.00000000	0.21020347	1065.88370100	0.04121637	507.68454442	
52.10000000	0.21060770	1067.25422500	0.04129563	508.33733032	
52.20000000	0.21101194	1068.49657000	0.04137489	508.92906406	
52.30000000	0.21141618	1069.56143700	0.04145415	509.43626435	
52.40000000	0.21182041	1071.17845800	0.04153341	510.20645773	
52.50000000	0.21222465	1072.55884200	0.04161268	510.86393999	
52.60000000	0.21262889	1073.82090700	0.04169194	511.46506644	
52.70000000	0.21303313	1075.12241200	0.04177120	512.08497833	
52.80000000	0.21343736	1076.38447700	0.04185046	512.68610479	
52.90000000	0.21384160	1077.52822400	0.04192973	513.23087592	
53.00000000	0.21424584	1078.62267100	0.04200899	513.75216528	
53.10000000	0.21465008	1080.00305400	0.04208825	514.40964706	
53.20000000	0.21465008	1080.98904300	0.04208825	514.87927745	
53.30000000	0.21525732	1082.21166800	0.04220732	515.46161848	
53.40000000	0.21586457	1083.39485400	0.04232639	516.02517457	
53.50000000	0.21647181	1084.35126300	0.04244545	516.48071588	
53.60000000	0.21707905	1085.55416900	0.04256452	517.05366468	
53.70000000	0.21768630	1086.39225900	0.04268359	517.45285020	
53.80000000	0.21829354	1087.43740700	0.04280266	517.95065825	
53.90000000	0.21890079	1088.43325500	0.04292172	518.42498452	
54.00000000	0.21950803	1089.57700100	0.04304079	518.96975518	
54.10000000	0.22011527	1090.66158800	0.04315986	519.48634818	
54.20000000	0.22072252	1091.63771700	0.04327893	519.95128221	
54.30000000	0.22132976	1092.67300500	0.04339799	520.44439390	
54.40000000	0.22193701	1093.59983400	0.04351706	520.88584615	
54.50000000	0.22254425	1094.48722300	0.04363613	521.30851298	
54.60000000	0.22315150	1095.24643400	0.04375520	521.67012813	
54.70000000	0.22375874	1096.16340300	0.04387426	522.10688402	
54.80000000	0.22436598	1096.90289500	0.04399333	522.45910693	
54.90000000	0.22497323	1097.82972400	0.04411240	522.90055918	
55.00000000	0.22558047	1098.68753400	0.04423147	523.30913741	
55.10000000	0.22618772	1099.47632400	0.04435053	523.68484115	
55.20000000	0.22679496	1100.19609600	0.04446960	524.02767135	
55.30000000	0.22740220	1100.75810900	0.04458867	524.29536032	
55.40000000	0.22800945	1101.57647900	0.04470773	524.68515313	
55.50000000	0.22861669	1102.14835300	0.04482680	524.95753894	
55.60000000	0.22922394	1102.78924500	0.04494587	525.26279829	
55.70000000	0.22983118	1103.56817600	0.04506494	525.63380614	
55.80000000	0.23043842	1103.97243100	0.04518400	525.82635437	
55.90000000	0.23104567	1104.57388400	0.04530307	526.11282877	
56.00000000	0.23165291	1105.11617800	0.04542214	526.37112551	
56.10000000	0.23226016	1105.75707000	0.04554121	526.67638485	
56.20000000	0.23286740	1106.37824300	0.04566027	526.97225196	
56.30000000	0.23347465	1106.61488000	0.04577934	527.08496309	
56.40000000	0.23408189	1107.07829400	0.04589841	527.30568897	
56.50000000	0.23468913	1107.36423100	0.04601748	527.44188188	
56.60000000	0.23529638	1107.88680500	0.04613654	527.69078590	
56.70000000	0.23590362	1108.77419400	0.04625561	528.11345273	
56.80000000	0.23651087	1109.46438600	0.04637468	528.44219386	
56.90000000	0.23711811	1110.02639900	0.04649375	528.70988283	
57.00000000	0.23772535	1110.61799200	0.04661281	528.99166087	
57.10000000	0.23833260	1110.87434900	0.04673188	529.11376471	
57.20000000	0.23893984	1111.30818400	0.04685095	529.32040200	
57.30000000	0.23954709	1111.95893700	0.04697002	529.63035818	
57.40000000	0.24015433	1112.05753500	0.04708908	529.67732079	
57.50000000	0.24076158	1112.45193100	0.04720815	529.86517314	
57.60000000	0.24136882	1112.68856800	0.04732722	529.97788426	
57.70000000	0.24197606	1112.75758700	0.04744629	530.01075828	
57.80000000	0.24258331	1113.11254300	0.04756535	530.17982520	
57.90000000	0.24319055	1113.38862000	0.04768442	530.31132174	
58.00000000	0.24379780	1113.64497700	0.04780349	530.43342558	
58.10000000	0.24440504	1113.72385600	0.04792256	530.47099595	
58.20000000	0.24501228	1113.93091300	0.04804162	530.56961800	
58.30000000	0.24561953	1114.01965200	0.04816069	530.61188473	
58.40000000	0.24622677	1114.00979200	0.04827976	530.60718838	
58.50000000	0.24683402	1114.54222600	0.04839883	530.86078876	
58.60000000	0.24744126	1115.00564000	0.04851789	531.08151465	
58.70000000	0.24804851	1115.30143700	0.04863696	531.22240391	
58.80000000	0.24865575	1115.43947500	0.04875603	531.28815194	
58.90000000	0.24926299	1115.41975600	0.04887510	531.27875970	
59.00000000	0.24987024	1115.40989600	0.04899416	531.27406335	
59.10000000	0.25047748	1115.65639300	0.04911323	531.39147083	
59.20000000	0.25108473	1116.14938700	0.04923230	531.62628578	
59.30000000	0.25169197	1116.24798600	0.04935137	531.67324887	
59.40000000	0.25229921	1116.62266100	0.04947043	531.85170803	
59.50000000	0.25290646	1116.80013900	0.04958950	531.93624149	
59.60000000	0.25351370	1116.72126000	0.04970857	531.89867111	
59.70000000	0.25412095	1116.80999900	0.04982764	531.94093784	
59.80000000	0.25472819	1116.72126000	0.04994670	531.89867111	
59.90000000	0.25533544	1116.75084000	0.05006577	531.91276018	
60.00000000	0.25594268	1116.92831800	0.05018484	531.99729364	
60.10000000	0.25654992	1116.98747700	0.05030391	532.02547130	
60.20000000	0.25715717	1117.09593600	0.05042297	532.07713075	
60.30000000	0.25776441	1117.02691700	0.05054204	532.04425673	
60.40000000	0.25837166	1117.03677600	0.05066111	532.04895261	
60.50000000	0.25897890	1117.30299300	0.05078018	532.17575280	
60.60000000	0.25958614	1117.74668800	0.05089924	532.38708645	
60.70000000	0.26019339	1118.22982200	0.05101831	532.61720505	
60.80000000	0.26080063	1118.62421800	0.05113738	532.80505739	
60.90000000	0.26140788	1118.90029400	0.05125645	532.93655347	
61.00000000	0.26201512	1118.76225600	0.05137551	532.87080543	
61.10000000	0.26262236	1118.75239600	0.05149458	532.86610907	
61.20000000	0.26322961	1119.02847300	0.05161365	532.99760562	
61.30000000	0.26383685	1119.07777200	0.05173272	533.02108693	
61.40000000	0.26444410	1119.40314800	0.05185178	533.17606478	
61.50000000	0.26505134	1119.58062600	0.05197085	533.26059824	
61.60000000	0.26565859	1119.38342900	0.05208992	533.16667254	
61.70000000	0.26626583	1119.50174700	0.05220899	533.22302786	
61.80000000	0.26687307	1119.50174700	0.05232805	533.22302786	
61.90000000	0.26748032	1119.62992600	0.05244712	533.28408002	
62.00000000	0.26808756	1119.95530200	0.05256619	533.43905787	
62.10000000	0.26869481	1119.78768400	0.05268526	533.35922077	
62.20000000	0.26930205	1119.79754400	0.05280432	533.36391712	
62.30000000	0.26990929	1119.91586200	0.05292339	533.42027245	
62.40000000	0.27051654	1119.79754400	0.05304246	533.36391712	
62.50000000	0.27112378	1120.17221900	0.05316153	533.54237628	
62.60000000	0.27173103	1119.97502200	0.05328059	533.44845058	
62.70000000	0.27233827	1119.88628300	0.05339966	533.40618385	
62.80000000	0.27294552	1119.87642300	0.05351873	533.40148750	
62.90000000	0.27355276	1119.69894500	0.05363780	533.31695404	
63.00000000	0.27416000	1120.23137900	0.05375686	533.57055442	
63.10000000	0.27476725	1120.25109800	0.05387593	533.57994665	
63.20000000	0.27537449	1120.28067800	0.05399500	533.59403572	
63.30000000	0.27598174	1120.47787600	0.05411407	533.68796190	
63.40000000	0.27658898	1120.45815600	0.05423313	533.67856918	
63.50000000	0.27719622	1120.57647400	0.05435220	533.73492451	
63.60000000	0.27780347	1120.72437300	0.05447127	533.80536937	
63.70000000	0.27841071	1120.87227100	0.05459034	533.87581377	
63.80000000	0.27901796	1120.91171000	0.05470940	533.89459871	
63.90000000	0.27962520	1121.18778700	0.05482847	534.02609526	
64.00000000	0.28023245	1121.33568500	0.05494754	534.09653965	
64.10000000	0.28083969	1121.25680600	0.05506661	534.05896928	
64.20000000	0.28144693	1121.49344400	0.05518567	534.17168088	
64.30000000	0.28205418	1121.37512500	0.05530474	534.11532508	
64.40000000	0.28266142	1121.51316300	0.05542381	534.18107311	
64.50000000	0.28326867	1121.70050100	0.05554288	534.27030293	
64.60000000	0.28387591	1121.43428400	0.05566194	534.14350274	
64.70000000	0.28448315	1121.56246300	0.05578101	534.20455489	
64.80000000	0.28509040	1121.49344400	0.05590008	534.17168088	
64.90000000	0.28569764	1121.47372400	0.05601915	534.16228816	
65.00000000	0.28630489	1121.87797900	0.05613821	534.35483639	
65.10000000	0.28691213	1121.99629800	0.05625728	534.41119219	
65.20000000	0.28751938	1122.04559700	0.05637635	534.43467349	
65.30000000	0.28812662	1122.09489600	0.05649542	534.45815480	
65.40000000	0.28873386	1121.86811900	0.05661448	534.35014003	
65.50000000	0.28934111	1121.69064100	0.05673355	534.26560657	
65.60000000	0.28994835	1121.45400400	0.05685262	534.15289545	
65.70000000	0.29055560	1121.44414400	0.05697169	534.14819910	
65.80000000	0.29116284	1121.54274300	0.05709075	534.19516218	
65.90000000	0.29177008	1121.47372400	0.05720982	534.16228816	
66.00000000	0.29237733	1122.01601700	0.05732889	534.42058442	
66.10000000	0.29298457	1121.88783900	0.05744796	534.35953275	
66.20000000	0.29359182	1121.79910000	0.05756702	534.31726602	
66.30000000	0.29419906	1121.91741900	0.05768609	534.37362181	
66.40000000	0.29480630	1121.77938000	0.05780516	534.30787330	
66.50000000	0.29541355	1122.12447600	0.05792423	534.47224387	
66.60000000	0.29602079	1122.32167400	0.05804329	534.56617004	
66.70000000	0.29662804	1122.41041300	0.05816236	534.60843677	
66.80000000	0.29723528	1122.53859100	0.05828143	534.66948845	
66.90000000	0.29784253	1122.68648900	0.05840050	534.73993284	
67.00000000	0.29844977	1122.38083300	0.05851956	534.59434770	
67.10000000	0.29905701	1122.38083300	0.05863863	534.59434770	
67.20000000	0.29966426	1122.14419600	0.05875770	534.48163658	
67.30000000	0.30027150	1122.12447600	0.05887677	534.47224387	
67.40000000	0.30087875	1122.35125300	0.05899583	534.58025863	
67.50000000	0.30148599	1122.45971200	0.05911490	534.63191808	
67.60000000	0.30209323	1122.67663000	0.05923397	534.73523696	
67.70000000	0.30270048	1122.69634900	0.05935304	534.74462920	
67.80000000	0.30330772	1122.61747000	0.05947210	534.70705882	
67.90000000	0.30391497	1122.72592900	0.05959117	534.75871827	
68.00000000	0.30452221	1122.81466800	0.05971024	534.80098500	
68.10000000	0.30512946	1122.77522800	0.05982930	534.78219957	
68.20000000	0.30573670	1122.92312700	0.05994837	534.85264444	
68.30000000	0.30634394	1122.79494800	0.06006744	534.79159228	
68.40000000	0.30695119	1122.93298600	0.06018651	534.85734032	
68.50000000	0.30755843	1122.98228600	0.06030557	534.88082210	
68.60000000	0.30816568	1122.92312700	0.06042464	534.85264444	
68.70000000	0.30877292	1122.79494800	0.06054371	534.79159228	
68.80000000	0.30938016	1122.82452800	0.06066278	534.80568135	
68.90000000	0.30998741	1122.61747000	0.06078184	534.70705882	
69.00000000	0.31059465	1122.50901200	0.06090091	534.65539986	
69.10000000	0.31120190	1122.73578900	0.06101998	534.76341462	
69.20000000	0.31180914	1122.57803100	0.06113905	534.68827387	
69.30000000	0.31241639	1122.47943200	0.06125811	534.64131079	
69.40000000	0.31302363	1122.70620900	0.06137718	534.74932555	
69.50000000	0.31363087	1122.73578900	0.06149625	534.76341462	
69.60000000	0.31423812	1122.64705000	0.06161532	534.72114789	
69.70000000	0.31484536	1122.75550900	0.06173438	534.77280734	
69.80000000	0.31545261	1122.52873100	0.06185345	534.66479209	
69.90000000	0.31605985	1122.19349500	0.06197252	534.50511789	
70.00000000	0.31666709	1122.13433600	0.06209159	534.47694022	
70.10000000	0.31727434	1122.11461600	0.06221065	534.46754751	
70.20000000	0.31788158	1122.25265500	0.06232972	534.53329602	
70.30000000	0.31848883	1122.58789100	0.06244879	534.69297023	
70.40000000	0.31909607	1122.51887100	0.06256786	534.66009574	
70.50000000	0.31970332	1122.32167400	0.06268692	534.56617004	
70.60000000	0.32031056	1122.28223400	0.06280599	534.54738462	
70.70000000	0.32091780	1122.17377500	0.06292506	534.49572517	
70.80000000	0.32152505	1122.27237400	0.06304413	534.54268826	
70.90000000	0.32213229	1122.53859100	0.06316319	534.66948845	
71.00000000	0.32273954	1122.41041300	0.06328226	534.60843677	
71.10000000	0.32334678	1122.54845100	0.06340133	534.67418481	
71.20000000	0.32395402	1122.37097300	0.06352040	534.58965135	
71.30000000	0.32456127	1122.69634900	0.06363946	534.74462920	
71.40000000	0.32516851	1122.62733000	0.06375853	534.71175518	
71.50000000	0.32577576	1122.40055300	0.06387760	534.60374041	
71.60000000	0.32638300	1122.44985200	0.06399667	534.62722172	
71.70000000	0.32699024	1122.20335500	0.06411573	534.50981424	
71.80000000	0.32759749	1122.32167400	0.06423480	534.56617004	
71.90000000	0.32820473	1122.49915200	0.06435387	534.65070350	
72.00000000	0.32881198	1122.47943200	0.06447294	534.64131079	
72.10000000	0.32941922	1122.39069300	0.06459200	534.59904406	
72.20000000	0.33002647	1122.30195400	0.06471107	534.55677733	
72.30000000	0.33063371	1122.37097300	0.06483014	534.58965135	
72.40000000	0.33124095	1122.25265500	0.06494921	534.53329602	
72.50000000	0.33184820	1122.06531700	0.06506827	534.44406621	
72.60000000	0.33245544	1121.93713800	0.06518734	534.38301405	
72.70000000	0.33306269	1121.69064100	0.06530641	534.26560657	
72.80000000	0.33366993	1121.86811900	0.06542548	534.35014003	
72.90000000	0.33427717	1121.81882000	0.06554454	534.32665873	
73.00000000	0.33488442	1122.04559700	0.06566361	534.43467349	
73.10000000	0.33549166	1121.93713800	0.06578268	534.38301405	
73.20000000	0.33609891	1121.81882000	0.06590175	534.32665873	
73.30000000	0.33670615	1121.97657800	0.06602081	534.40179948	
73.40000000	0.33731340	1121.86811900	0.06613988	534.35014003	
73.50000000	0.33792064	1121.89769900	0.06625895	534.36422910	
73.60000000	0.33852788	1121.83853900	0.06637802	534.33605096	
73.70000000	0.33913513	1122.00615700	0.06649708	534.41588807	
73.80000000	0.33974237	1121.96671800	0.06661615	534.39710312	
73.90000000	0.34034962	1122.07517700	0.06673522	534.44876256	
74.00000000	0.34095686	1122.12447600	0.06685429	534.47224387	
74.10000000	0.34156410	1121.74980100	0.06697335	534.29378471	
74.20000000	0.34217135	1121.72022100	0.06709242	534.27969564	
74.30000000	0.34277859	1121.82868000	0.06721149	534.33135508	
74.40000000	0.34338584	1121.72022100	0.06733056	534.27969564	
74.50000000	0.34399308	1121.96671800	0.06744962	534.39710312	
74.60000000	0.34460033	1122.12447600	0.06756869	534.47224387	
74.70000000	0.34520757	1122.03573700	0.06768776	534.42997714	
74.80000000	0.34581481	1122.24279500	0.06780683	534.52859967	
74.90000000	0.34642206	1122.35125300	0.06792589	534.58025863	
75.00000000	0.34702930	1122.42027300	0.06804496	534.61313313	
75.10000000	0.34763655	1122.14419600	0.06816403	534.48163658	
75.20000000	0.34824379	1122.24279500	0.06828310	534.52859967	
75.30000000	0.34885103	1122.20335500	0.06840216	534.50981424	
75.40000000	0.34945828	1122.16391600	0.06852123	534.49102929	
75.50000000	0.35006552	1122.19349500	0.06864030	534.50511789	
75.60000000	0.35067277	1121.95685800	0.06875937	534.39240676	
75.70000000	0.35128001	1121.44414400	0.06887843	534.14819910	
75.80000000	0.35188726	1121.58218300	0.06899750	534.21394761	
75.90000000	0.35249450	1121.68078100	0.06911657	534.26091022	
76.00000000	0.35310174	1121.64134200	0.06923564	534.24212527	
76.10000000	0.35370899	1121.81882000	0.06935470	534.32665873	
76.20000000	0.35431623	1121.30610600	0.06947377	534.08245106	
76.30000000	0.35492348	1121.18778700	0.06959284	534.02609526	
76.40000000	0.35553072	1121.22722700	0.06971191	534.04488069	
76.50000000	0.35613796	1121.17792700	0.06983097	534.02139890	
76.60000000	0.35674521	1121.44414400	0.06995004	534.14819910	
76.70000000	0.35735245	1121.50330300	0.07006911	534.17637676	
76.80000000	0.35795970	1121.21736700	0.07018818	534.04018433	
76.90000000	0.35856694	1121.14834800	0.07030724	534.00731031	
77.00000000	0.35917418	1120.72437300	0.07042631	533.80536937	
77.10000000	0.35978143	1120.51731500	0.07054538	533.70674684	
77.20000000	0.36038867	1120.24123800	0.07066445	533.57525030	
77.30000000	0.36099592	1120.18207900	0.07078351	533.54707264	
77.40000000	0.36160316	1120.32997700	0.07090258	533.61751703	
77.50000000	0.36221041	1120.41871600	0.07102165	533.65978376	
77.60000000	0.36281765	1120.78353200	0.07114072	533.83354704	
77.70000000	0.36342489	1120.89199100	0.07125978	533.88520648	
77.80000000	0.36403214	1120.83283100	0.07137885	533.85702834	
77.90000000	0.36463938	1120.64549400	0.07149792	533.76779900	
78.00000000	0.36524663	1120.55675500	0.07161699	533.72553227	
78.10000000	0.36585387	1120.26095800	0.07173605	533.58464301	
78.20000000	0.36646111	1120.36941700	0.07185512	533.63630245	
78.30000000	0.36706836	1120.47787600	0.07197419	533.68796190	
78.40000000	0.36767560	1120.29053800	0.07209326	533.59873208	
78.50000000	0.36828285	1120.59619400	0.07221232	533.74431722	
78.60000000	0.36889009	1120.43843600	0.07233139	533.66917647	
78.70000000	0.36949734	1120.34969700	0.07245046	533.62690974	
78.80000000	0.37010458	1120.58633400	0.07256953	533.73962086	
78.90000000	0.37071182	1120.21165900	0.07268859	533.56116171	
79.00000000	0.37131907	1120.04404100	0.07280766	533.48132460	
79.10000000	0.37192631	1119.94544200	0.07292673	533.43436151	
79.20000000	0.37253356	1119.85670300	0.07304580	533.39209478	
79.30000000	0.37314080	1119.74824400	0.07316486	533.34043534	
79.40000000	0.37374804	1119.78768400	0.07328393	533.35922077	
79.50000000	0.37435529	1119.58062600	0.07340300	533.26059824	
79.60000000	0.37496253	1119.27497000	0.07352207	533.11501310	
79.70000000	0.37556978	1119.36370900	0.07364113	533.15727983	
79.80000000	0.37617702	1119.37356900	0.07376020	533.16197618	
79.90000000	0.37678427	1119.30455000	0.07387927	533.12910217	
80.00000000	0.37739151	1119.36370900	0.07399834	533.15727983	
80.10000000	0.37799875	1119.35384900	0.07411740	533.15258347	
80.20000000	0.37860600	1119.36370900	0.07423647	533.15727983	
80.30000000	0.37921324	1119.42286800	0.07435554	533.18545749	
80.40000000	0.37982049	1119.40314800	0.07447461	533.17606478	
80.50000000	0.38042773	1119.18623100	0.07459367	533.07274637	
80.60000000	0.38103497	1119.00875300	0.07471274	532.98821291	
80.70000000	0.38164222	1119.03833300	0.07483181	533.00230198	
80.80000000	0.38224946	1119.05805200	0.07495088	533.01169421	
80.90000000	0.38285671	1118.90029400	0.07506994	532.93655347	
81.00000000	0.38346395	1118.80169500	0.07518901	532.88959038	
81.10000000	0.38407120	1118.56505800	0.07530808	532.77687926	
81.20000000	0.38467844	1118.14108300	0.07542714	532.57493832	
81.30000000	0.38528568	1118.06220400	0.07554621	532.53736794	
81.40000000	0.38589293	1117.69738900	0.07566528	532.36360514	
81.50000000	0.38650017	1117.47061100	0.07578435	532.25558990	
81.60000000	0.38710742	1117.24383400	0.07590341	532.14757514	
81.70000000	0.38771466	1117.15509500	0.07602248	532.10530841	
81.80000000	0.38832190	1117.17481500	0.07614155	532.11470112	
81.90000000	0.38892915	1117.23397400	0.07626062	532.14287878	
82.00000000	0.38953639	1117.21425400	0.07637968	532.13348607	
82.10000000	0.39014364	1117.34243300	0.07649875	532.19453822	
82.20000000	0.39075088	1117.11565500	0.07661782	532.08652298	
82.30000000	0.39135812	1117.02691700	0.07673689	532.04425673	
82.40000000	0.39196537	1117.02691700	0.07685595	532.04425673	
82.50000000	0.39257261	1116.84943900	0.07697502	531.95972327	
82.60000000	0.39317986	1117.02691700	0.07709409	532.04425673	
82.70000000	0.39378710	1116.79027900	0.07721316	531.93154513	
82.80000000	0.39439435	1116.64238100	0.07733222	531.86110074	
82.90000000	0.39500159	1116.48462300	0.07745129	531.78595999	
83.00000000	0.39560883	1116.21840600	0.07757036	531.65915980	
83.10000000	0.39621608	1116.33672500	0.07768943	531.71551560	
83.20000000	0.39682332	1116.30714500	0.07780849	531.70142653	
83.30000000	0.39743057	1116.04092800	0.07792756	531.57462634	
83.40000000	0.39803781	1115.78457100	0.07804663	531.45252251	
83.50000000	0.39864505	1115.63667300	0.07816570	531.38207811	
83.60000000	0.39925230	1115.24227800	0.07828476	531.19422624	
83.70000000	0.39985954	1115.05494000	0.07840383	531.10499643	
83.80000000	0.40046679	1115.13381900	0.07852290	531.14256680	
83.90000000	0.40107403	1114.88732200	0.07864197	531.02515932	
84.00000000	0.40168128	1114.90704200	0.07876103	531.03455204	
84.10000000	0.40228852	1115.04508000	0.07888010	531.10030007	
84.20000000	0.40289576	1114.88732200	0.07899917	531.02515932	
84.30000000	0.40350301	1114.63096500	0.07911824	530.90305549	
84.40000000	0.40411025	1114.56194600	0.07923730	530.87018147	
84.50000000	0.40471750	1114.17741000	0.07935637	530.68702548	
84.60000000	0.40532474	1113.98021300	0.07947544	530.59309979	
84.70000000	0.40593198	1114.01965200	0.07959451	530.61188473	
84.80000000	0.40653923	1114.02951200	0.07971357	530.61658109	
84.90000000	0.40714647	1114.25628900	0.07983264	530.72459586	
85.00000000	0.40775372	1114.22671000	0.07995171	530.71050726	
85.10000000	0.40836096	1114.16755000	0.08007078	530.68232913	
85.20000000	0.40896821	1114.21685000	0.08018984	530.70581091	
85.30000000	0.40957545	1114.11825100	0.08030891	530.65884782	
85.40000000	0.41018269	1114.25628900	0.08042798	530.72459586	
85.50000000	0.41078994	1114.21685000	0.08054705	530.70581091	
85.60000000	0.41139718	1114.17741000	0.08066611	530.68702548	
85.70000000	0.41200443	1114.16755000	0.08078518	530.68232913	
85.80000000	0.41261167	1114.05909200	0.08090425	530.63067016	
85.90000000	0.41321891	1114.03937200	0.08102332	530.62127745	
86.00000000	0.41382616	1114.01965200	0.08114238	530.61188473	
86.10000000	0.41443340	1113.89147400	0.08126145	530.55083306	
86.20000000	0.41504065	1113.69427600	0.08138052	530.45690688	
86.30000000	0.41564789	1113.54637800	0.08149959	530.38646249	
86.40000000	0.41625514	1113.17170200	0.08161865	530.20800286	
86.50000000	0.41686238	1113.14212300	0.08173772	530.19391427	
86.60000000	0.41746962	1113.06324300	0.08185679	530.15634342	
86.70000000	0.41807687	1113.06324300	0.08197586	530.15634342	
86.80000000	0.41868411	1113.02380400	0.08209492	530.13755847	
86.90000000	0.41929136	1113.05338400	0.08221399	530.15164754	
87.00000000	0.41989860	1113.01394400	0.08233306	530.13286211	
87.10000000	0.42050584	1113.05338400	0.08245213	530.15164754	
87.20000000	0.42111309	1113.03366400	0.08257119	530.14225482	
87.30000000	0.42172033	1112.88576600	0.08269026	530.07181043	
87.40000000	0.42232758	1112.52095000	0.08280933	529.89804715	
87.50000000	0.42293482	1112.08711500	0.08292840	529.69140986	
87.60000000	0.42354206	1111.88991700	0.08304746	529.59748369	
87.70000000	0.42414931	1111.36734400	0.08316653	529.34858014	
87.80000000	0.42475655	1111.29832400	0.08328560	529.31570564	
87.90000000	0.42536380	1111.42650300	0.08340467	529.37675780	
88.00000000	0.42597104	1111.27860500	0.08352373	529.30631341	
88.10000000	0.42657829	1111.56454100	0.08364280	529.44250583	
88.20000000	0.42718553	1112.03781600	0.08376187	529.66792855	
88.30000000	0.42779277	1111.73215900	0.08388094	529.52234294	
88.40000000	0.42840002	1111.67300000	0.08400000	529.49416528	
88.50000000	0.42900726	1111.44622300	0.08411907	529.38615051	
88.60000000	0.42961451	1111.10112700	0.08423814	529.22177995	
88.70000000	0.43022175	1111.13070600	0.08435721	529.23586854	
88.80000000	0.43082899	1111.41664300	0.08447627	529.37206144	
88.90000000	0.43143624	1111.49552200	0.08459534	529.40963182	
89.00000000	0.43204348	1111.27860500	0.08471441	529.30631341	
89.10000000	0.43265073	1111.39692300	0.08483348	529.36266873	
89.20000000	0.43325797	1111.07154700	0.08495254	529.20769088	
89.30000000	0.43386522	1111.04196700	0.08507161	529.19360181	
89.40000000	0.43447246	1111.17014600	0.08519068	529.25465397	
89.50000000	0.43507970	1110.85463000	0.08530975	529.10437247	
89.60000000	0.43568695	1110.84477000	0.08542881	529.09967611	
89.70000000	0.43629419	1110.79547000	0.08554788	529.07619433	
89.80000000	0.43690144	1110.66729200	0.08566695	529.01514265	
89.90000000	0.43750868	1110.81519000	0.08578602	529.08558704	
90.00000000	0.43811592	1110.88420900	0.08590508	529.11846106	
90.10000000	0.43872317	1110.44051500	0.08602415	528.90712789	
90.20000000	0.43933041	1110.43065500	0.08614322	528.90243153	
90.30000000	0.43993766	1110.38135500	0.08626229	528.87894975	
90.40000000	0.44054490	1110.19401700	0.08638135	528.78971993	
90.50000000	0.44115215	1110.15457800	0.08650042	528.77093498	
90.60000000	0.44175939	1110.12499800	0.08661949	528.75684592	
90.70000000	0.44236663	1109.87850100	0.08673856	528.63943844	
90.80000000	0.44297388	1109.42494700	0.08685762	528.42340891	
90.90000000	0.44358112	1109.36578700	0.08697669	528.39523077	
91.00000000	0.44418837	1108.93195200	0.08709576	528.18859347	
91.10000000	0.44479561	1108.57699700	0.08721483	528.01952703	
91.20000000	0.44540285	1108.74461500	0.08733389	528.09936413	
91.30000000	0.44601010	1108.73475500	0.08745296	528.09466778	
91.40000000	0.44661734	1108.81363400	0.08757203	528.13223815	
91.50000000	0.44722459	1108.89251300	0.08769110	528.16980853	
91.60000000	0.44783183	1108.45867800	0.08781016	527.96317123	
91.70000000	0.44843908	1108.28120000	0.08792923	527.87863777	
91.80000000	0.44904632	1108.16288200	0.08804830	527.82228245	
91.90000000	0.44965356	1107.89666500	0.08816737	527.69548226	
92.00000000	0.45026081	1107.99526300	0.08828643	527.74244487	
92.10000000	0.45086805	1107.93610400	0.08840550	527.71426721	
92.20000000	0.45147530	1107.76848600	0.08852457	527.63443010	
92.30000000	0.45208254	1107.52198900	0.08864364	527.51702262	
92.40000000	0.45268978	1107.53184900	0.08876270	527.52171898	
92.50000000	0.45329703	1107.28535200	0.08888177	527.40431150	
92.60000000	0.45390427	1107.09801400	0.08900084	527.31508169	
92.70000000	0.45451152	1107.26563200	0.08911991	527.39491879	
92.80000000	0.45511876	1107.16703300	0.08923897	527.34795570	
92.90000000	0.45572600	1107.09801400	0.08935804	527.31508169	
93.00000000	0.45633325	1106.87123700	0.08947711	527.20706692	
93.10000000	0.45694049	1106.47684100	0.08959618	527.01921457	
93.20000000	0.45754774	1106.13174600	0.08971524	526.85484449	
93.30000000	0.45815498	1106.07258600	0.08983431	526.82666635	
93.40000000	0.45876223	1106.02328700	0.08995338	526.80318504	
93.50000000	0.45936947	1105.86552900	0.09007245	526.72804430	
93.60000000	0.45997671	1105.61903200	0.09019151	526.61063682	
93.70000000	0.46058396	1105.42183400	0.09031058	526.51671065	
93.80000000	0.46119120	1105.42183400	0.09042965	526.51671065	
93.90000000	0.46179845	1105.48099300	0.09054871	526.54488831	
94.00000000	0.46240569	1105.61903200	0.09066778	526.61063682	
94.10000000	0.46301293	1105.59931200	0.09078685	526.60124411	
94.20000000	0.46362018	1105.19505700	0.09090592	526.40869588	
94.30000000	0.46422742	1104.78094200	0.09102498	526.21145130	
94.40000000	0.46483467	1104.44570600	0.09114405	526.05177709	
94.50000000	0.46544191	1104.23864800	0.09126312	525.95315456	
94.60000000	0.46604916	1104.20906800	0.09138219	525.93906549	
94.70000000	0.46665640	1104.11046900	0.09150125	525.89210241	
94.80000000	0.46726364	1104.03159000	0.09162032	525.85453203	
94.90000000	0.46787089	1103.67663500	0.09173939	525.68546559	
95.00000000	0.46847813	1103.38083800	0.09185846	525.54457633	
95.10000000	0.46908538	1103.16392100	0.09197752	525.44125792	
95.20000000	0.46969262	1102.70050600	0.09209659	525.22053156	
95.30000000	0.47029986	1102.27653100	0.09221566	525.01859062	
95.40000000	0.47090711	1101.88213600	0.09233473	524.83073875	
95.50000000	0.47151435	1101.65535900	0.09245379	524.72272398	
95.60000000	0.47212160	1101.47788100	0.09257286	524.63819052	
95.70000000	0.47272884	1101.22152400	0.09269193	524.51608669	
95.80000000	0.47333609	1100.98488600	0.09281100	524.40337509	
95.90000000	0.47394333	1100.85670800	0.09293006	524.34232341	
96.00000000	0.47455057	1100.47217300	0.09304913	524.15916790	
96.10000000	0.47515782	1100.16651600	0.09316820	524.01358228	
96.20000000	0.47576506	1099.72282100	0.09328727	523.80224863	
96.30000000	0.47637231	1099.06220900	0.09340633	523.48759657	
96.40000000	0.47697955	1098.93403100	0.09352540	523.42654489	
96.50000000	0.47758679	1098.49033600	0.09364447	523.21521124	
96.60000000	0.47819404	1098.23397900	0.09376354	523.09310741	
96.70000000	0.47880128	1097.78042400	0.09388260	522.87707740	
96.80000000	0.47940853	1096.71555700	0.09400167	522.36987711	
96.90000000	0.48001577	1095.96620600	0.09412074	522.01295832	
97.00000000	0.48062302	1095.14783500	0.09423981	521.62316504	
97.10000000	0.48123026	1094.40834400	0.09435887	521.27094261	
97.20000000	0.48183750	1093.72801200	0.09447794	520.94689783	
97.30000000	0.48244475	1092.77160400	0.09459701	520.49135699	
97.40000000	0.48305199	1091.79547500	0.09471608	520.02642296	
97.50000000	0.48365924	1090.75032700	0.09483514	519.52861491	
97.60000000	0.48426648	1089.42910300	0.09495421	518.89931079	
97.70000000	0.48487372	1088.00928000	0.09507328	518.22304358	
97.80000000	0.48548097	1086.03730300	0.09519235	517.28378328	
97.90000000	0.48608821	1083.42443400	0.09531141	516.03926363	
98.00000000	0.48669546	1080.54534800	0.09543048	514.66794380	
98.10000000	0.48730270	1077.16340800	0.09554955	513.05711265	
98.20000000	0.48790994	1073.28847400	0.09566862	511.21146654	
98.30000000	0.48851719	1069.02900400	0.09578768	509.18266444	
98.40000000	0.48912443	1063.77368600	0.09590675	506.67953608	
98.50000000	0.48973168	1056.74358800	0.09602582	503.33107311	
98.60000000	0.49033892	1046.69636600	0.09614489	498.54554227	
