Alloy elements = Zr, Ti, Nb	
Alloy composition = 35,40,25	
Theoretical elastic modulus (GPa) = 1.020740e+02	
----------	
Length (mm) = 5.1	
Width (mm) = 2.21	
Thickness (mm) = 0.95	
----------	
Time (s)	Displacement (mm)	Force (N)	Eng. strain	Eng. Stress (MPa)	
0.00000000	0.00000000	0.00000000	0.00000000	0.00000000	
0.10000000	0.00185104	77.78174584	0.00036295	37.04774749	
0.20000000	0.00189833	79.76878052	0.00037222	37.99417981	
0.30000000	0.00194562	81.75581519	0.00038149	38.94061214	
0.40000000	0.00199291	83.74284986	0.00039077	39.88704447	
0.50000000	0.00204019	85.72988453	0.00040004	40.83347680	
0.60000000	0.00208748	87.71691921	0.00040931	41.77990912	
0.70000000	0.00213477	89.70395388	0.00041858	42.72634145	
0.80000000	0.00218206	91.69098855	0.00042785	43.67277378	
0.90000000	0.00222934	93.67802322	0.00043713	44.61920611	
1.00000000	0.00227663	95.66505789	0.00044640	45.56563843	
1.10000000	0.00232392	97.65209257	0.00045567	46.51207076	
1.20000000	0.00237121	99.63912724	0.00046494	47.45850309	
1.30000000	0.00241849	101.62616191	0.00047421	48.40493542	
1.40000000	0.00246578	103.61319658	0.00048349	49.35136775	
1.50000000	0.00251307	105.60023125	0.00049276	50.29780007	
1.60000000	0.00256035	107.58726593	0.00050203	51.24423240	
1.70000000	0.00260764	109.57430060	0.00051130	52.19066473	
1.80000000	0.00265493	111.56133527	0.00052057	53.13709706	
1.90000000	0.00270222	113.54836994	0.00052985	54.08352938	
2.00000000	0.00274950	115.53540462	0.00053912	55.02996171	
2.10000000	0.00279679	117.52243929	0.00054839	55.97639404	
2.20000000	0.00284408	119.50947396	0.00055766	56.92282637	
2.30000000	0.00289137	121.49650863	0.00056693	57.86925870	
2.40000000	0.00293865	123.48354330	0.00057621	58.81569102	
2.50000000	0.00298594	125.47057798	0.00058548	59.76212335	
2.60000000	0.00303323	127.45761265	0.00059475	60.70855568	
2.70000000	0.00308051	129.44464732	0.00060402	61.65498801	
2.80000000	0.00312780	131.43168199	0.00061329	62.60142033	
2.90000000	0.00317509	133.41871666	0.00062257	63.54785266	
3.00000000	0.00322238	135.40575134	0.00063184	64.49428499	
3.10000000	0.00326966	137.39278601	0.00064111	65.44071732	
3.20000000	0.00331695	139.37982068	0.00065038	66.38714965	
3.30000000	0.00336424	141.36685535	0.00065965	67.33358197	
3.40000000	0.00341153	143.35389003	0.00066893	68.28001430	
3.50000000	0.00345881	145.34092470	0.00067820	69.22644663	
3.60000000	0.00350610	147.32795937	0.00068747	70.17287896	
3.70000000	0.00355339	149.31499404	0.00069674	71.11931128	
3.80000000	0.00360068	151.30202871	0.00070601	72.06574361	
3.90000000	0.00364796	153.28906339	0.00071529	73.01217594	
4.00000000	0.00369525	155.27609806	0.00072456	73.95860827	
4.10000000	0.00374254	157.26313273	0.00073383	74.90504060	
4.20000000	0.00378982	159.25016740	0.00074310	75.85147292	
4.30000000	0.00383711	161.23720207	0.00075237	76.79790525	
4.40000000	0.00388440	163.22423675	0.00076165	77.74433758	
4.50000000	0.00393169	165.21127142	0.00077092	78.69076991	
4.60000000	0.00397897	167.19830609	0.00078019	79.63720223	
4.70000000	0.00402626	169.18534076	0.00078946	80.58363456	
4.80000000	0.00407355	171.17237544	0.00079873	81.53006689	
4.90000000	0.00412084	173.15941011	0.00080801	82.47649922	
5.00000000	0.00416812	175.14644478	0.00081728	83.42293155	
5.10000000	0.00421541	177.13347945	0.00082655	84.36936387	
5.20000000	0.00426270	179.12051412	0.00083582	85.31579620	
5.30000000	0.00430998	181.10754880	0.00084510	86.26222853	
5.40000000	0.00435727	183.09458347	0.00085437	87.20866086	
5.50000000	0.00440456	185.08161814	0.00086364	88.15509318	
5.60000000	0.00445185	187.06865281	0.00087291	89.10152551	
5.70000000	0.00449913	189.05568748	0.00088218	90.04795784	
5.80000000	0.00454642	191.04272216	0.00089146	90.99439017	
5.90000000	0.00459371	193.02975683	0.00090073	91.94082250	
6.00000000	0.00464100	195.01679150	0.00091000	92.88725482	
6.10000000	0.00468828	197.00382617	0.00091927	93.83368715	
6.20000000	0.00473557	198.99086085	0.00092854	94.78011948	
6.30000000	0.00478286	200.97789552	0.00093782	95.72655181	
6.40000000	0.00483015	202.96493019	0.00094709	96.67298413	
6.50000000	0.00487743	204.95196486	0.00095636	97.61941646	
6.60000000	0.00492472	206.93899953	0.00096563	98.56584879	
6.70000000	0.00497201	208.92603421	0.00097490	99.51228112	
6.80000000	0.00501929	210.91306888	0.00098418	100.45871345	
6.90000000	0.00506658	212.90010355	0.00099345	101.40514577	
7.00000000	0.00511387	214.88713822	0.00100272	102.35157810	
7.10000000	0.00516116	216.87417289	0.00101199	103.29801043	
7.20000000	0.00520844	218.86120757	0.00102126	104.24444276	
7.30000000	0.00525573	220.84824224	0.00103054	105.19087508	
7.40000000	0.00530302	222.83527691	0.00103981	106.13730741	
7.50000000	0.00535031	224.82231158	0.00104908	107.08373974	
7.60000000	0.00539759	226.80934626	0.00105835	108.03017207	
7.70000000	0.00544488	228.79638093	0.00106762	108.97660439	
7.80000000	0.00549217	230.78341560	0.00107690	109.92303672	
7.90000000	0.00553945	232.77045027	0.00108617	110.86946905	
8.00000000	0.00558674	234.75748494	0.00109544	111.81590138	
8.10000000	0.00563403	236.74451962	0.00110471	112.76233371	
8.20000000	0.00568132	238.73155429	0.00111398	113.70876603	
8.30000000	0.00572860	240.71858896	0.00112326	114.65519836	
8.40000000	0.00577589	242.70562363	0.00113253	115.60163069	
8.50000000	0.00582318	244.69265830	0.00114180	116.54806302	
8.60000000	0.00587047	246.67969298	0.00115107	117.49449534	
8.70000000	0.00591775	248.66672765	0.00116034	118.44092767	
8.80000000	0.00596504	250.65376232	0.00116962	119.38736000	
8.90000000	0.00601233	252.64079699	0.00117889	120.33379233	
9.00000000	0.00605962	254.62783166	0.00118816	121.28022466	
9.10000000	0.00610690	256.61486634	0.00119743	122.22665698	
9.20000000	0.00615419	258.60190101	0.00120670	123.17308931	
9.30000000	0.00620148	260.58893568	0.00121598	124.11952164	
9.40000000	0.00624876	262.57597035	0.00122525	125.06595397	
9.50000000	0.00629605	264.56300503	0.00123452	126.01238629	
9.60000000	0.00634334	266.55003970	0.00124379	126.95881862	
9.70000000	0.00639063	268.53707437	0.00125306	127.90525095	
9.80000000	0.00643791	270.52410904	0.00126234	128.85168328	
9.90000000	0.00648520	272.51114371	0.00127161	129.79811561	
10.00000000	0.00653249	274.49817839	0.00128088	130.74454793	
10.10000000	0.00657978	276.48521306	0.00129015	131.69098026	
10.20000000	0.00662706	278.47224773	0.00129942	132.63741259	
10.30000000	0.00667435	280.45928240	0.00130870	133.58384492	
10.40000000	0.00672164	282.44631707	0.00131797	134.53027724	
10.50000000	0.00676893	284.43335175	0.00132724	135.47670957	
10.60000000	0.00681621	286.42038642	0.00133651	136.42314190	
10.70000000	0.00686350	288.40742109	0.00134578	137.36957423	
10.80000000	0.00691079	290.39445576	0.00135506	138.31600656	
10.90000000	0.00695807	292.38149044	0.00136433	139.26243888	
11.00000000	0.00700536	294.36852511	0.00137360	140.20887121	
11.10000000	0.00705265	296.35555978	0.00138287	141.15530354	
11.20000000	0.00709994	298.34259445	0.00139214	142.10173587	
11.30000000	0.00714722	300.32962912	0.00140142	143.04816819	
11.40000000	0.00719451	302.31666380	0.00141069	143.99460052	
11.50000000	0.00724180	304.30369847	0.00141996	144.94103285	
11.60000000	0.00728909	306.29073314	0.00142923	145.88746518	
11.70000000	0.00733637	308.27776781	0.00143850	146.83389751	
11.80000000	0.00738366	310.26480248	0.00144778	147.78032983	
11.90000000	0.00743095	312.25183716	0.00145705	148.72676216	
12.00000000	0.00747823	314.23887183	0.00146632	149.67319449	
12.10000000	0.00752552	316.22590650	0.00147559	150.61962682	
12.20000000	0.00757281	318.21294117	0.00148486	151.56605914	
12.30000000	0.00762010	320.19997585	0.00149414	152.51249147	
12.40000000	0.00766738	322.18701052	0.00150341	153.45892380	
12.50000000	0.00771467	324.17404519	0.00151268	154.40535613	
12.60000000	0.00776196	326.16107986	0.00152195	155.35178846	
12.70000000	0.00780925	328.14811453	0.00153122	156.29822078	
12.80000000	0.00785653	330.13514921	0.00154050	157.24465311	
12.90000000	0.00790382	332.12218388	0.00154977	158.19108544	
13.00000000	0.00795111	334.10921855	0.00155904	159.13751777	
13.10000000	0.00799840	336.09625322	0.00156831	160.08395009	
13.20000000	0.00804568	338.08328789	0.00157758	161.03038242	
13.30000000	0.00809297	340.07032257	0.00158686	161.97681475	
13.40000000	0.00814026	342.05735724	0.00159613	162.92324708	
13.50000000	0.00818754	344.04439191	0.00160540	163.86967941	
13.60000000	0.00823483	346.03142658	0.00161467	164.81611173	
13.70000000	0.00828212	348.01846126	0.00162394	165.76254406	
13.80000000	0.00832941	350.00549593	0.00163322	166.70897639	
13.90000000	0.00837669	351.99253060	0.00164249	167.65540872	
14.00000000	0.00842398	353.97956527	0.00165176	168.60184104	
14.10000000	0.00847127	355.96659994	0.00166103	169.54827337	
14.20000000	0.00851856	357.95363462	0.00167031	170.49470570	
14.30000000	0.00856584	359.94066929	0.00167958	171.44113803	
14.40000000	0.00861313	361.92770396	0.00168885	172.38757035	
14.50000000	0.00866042	363.91473863	0.00169812	173.33400268	
14.60000000	0.00870770	365.90177330	0.00170739	174.28043501	
14.70000000	0.00875499	367.88880798	0.00171667	175.22686734	
14.80000000	0.00880228	369.87584265	0.00172594	176.17329967	
14.90000000	0.00884957	371.86287732	0.00173521	177.11973199	
15.00000000	0.00889685	373.84991199	0.00174448	178.06616432	
15.10000000	0.00894414	375.83694667	0.00175375	179.01259665	
15.20000000	0.00899143	377.82398134	0.00176303	179.95902898	
15.30000000	0.00903872	379.81101601	0.00177230	180.90546130	
15.40000000	0.00908600	381.79805068	0.00178157	181.85189363	
15.50000000	0.00913329	383.78508535	0.00179084	182.79832596	
15.60000000	0.00918058	385.77212003	0.00180011	183.74475829	
15.70000000	0.00922787	387.75915470	0.00180939	184.69119062	
15.80000000	0.00927515	389.74618937	0.00181866	185.63762294	
15.90000000	0.00932244	391.73322404	0.00182793	186.58405527	
16.00000000	0.00936973	393.72025871	0.00183720	187.53048760	
16.10000000	0.00941701	395.70729339	0.00184647	188.47691993	
16.20000000	0.00946430	397.69432806	0.00185575	189.42335225	
16.30000000	0.00951159	399.68136273	0.00186502	190.36978458	
16.40000000	0.00955888	401.66839740	0.00187429	191.31621691	
16.50000000	0.00960616	403.65543208	0.00188356	192.26264924	
16.60000000	0.00965345	405.64246675	0.00189283	193.20908157	
16.70000000	0.00970074	407.62950142	0.00190211	194.15551389	
16.80000000	0.00974803	409.61653609	0.00191138	195.10194622	
16.90000000	0.00979531	411.60357076	0.00192065	196.04837855	
17.00000000	0.00984260	413.59060544	0.00192992	196.99481088	
17.10000000	0.00988989	415.57764011	0.00193919	197.94124320	
17.20000000	0.00993718	417.56467478	0.00194847	198.88767553	
17.30000000	0.00998446	419.55170945	0.00195774	199.83410786	
17.40000000	0.01003175	421.53874412	0.00196701	200.78054019	
17.50000000	0.01007904	423.52577880	0.00197628	201.72697252	
17.60000000	0.01012632	425.51281347	0.00198555	202.67340484	
17.70000000	0.01017361	427.49984814	0.00199483	203.61983717	
17.80000000	0.01022090	429.48688281	0.00200410	204.56626950	
17.90000000	0.01026819	431.47391748	0.00201337	205.51270183	
18.00000000	0.01031547	433.46095216	0.00202264	206.45913415	
18.10000000	0.01036276	435.44798683	0.00203191	207.40556648	
18.20000000	0.01041005	437.43502150	0.00204119	208.35199881	
18.30000000	0.01045734	439.42205617	0.00205046	209.29843114	
18.40000000	0.01050462	441.40909085	0.00205973	210.24486347	
18.50000000	0.01055191	443.39612552	0.00206900	211.19129579	
18.60000000	0.01059920	445.38316019	0.00207827	212.13772812	
18.70000000	0.01064648	447.37019486	0.00208755	213.08416045	
18.80000000	0.01069377	449.35722953	0.00209682	214.03059278	
18.90000000	0.01074106	451.34426421	0.00210609	214.97702510	
19.00000000	0.01078835	453.33129888	0.00211536	215.92345743	
19.10000000	0.01083563	455.31833355	0.00212463	216.86988976	
19.20000000	0.01088292	457.30536822	0.00213391	217.81632209	
19.30000000	0.01093021	459.29240289	0.00214318	218.76275442	
19.40000000	0.01097750	461.27943757	0.00215245	219.70918674	
19.50000000	0.01102478	463.26647224	0.00216172	220.65561907	
19.60000000	0.01107207	465.25350691	0.00217099	221.60205140	
19.70000000	0.01111936	467.24054158	0.00218027	222.54848373	
19.80000000	0.01116665	469.22757626	0.00218954	223.49491605	
19.90000000	0.01121393	471.21461093	0.00219881	224.44134838	
20.00000000	0.01126122	473.20164560	0.00220808	225.38778071	
20.10000000	0.01130851	475.18868027	0.00221735	226.33421304	
20.20000000	0.01135579	477.17571494	0.00222663	227.28064537	
20.30000000	0.01140308	479.16274962	0.00223590	228.22707769	
20.40000000	0.01145037	481.14978429	0.00224517	229.17351002	
20.50000000	0.01149766	483.13681896	0.00225444	230.11994235	
20.60000000	0.01154494	485.12385363	0.00226371	231.06637468	
20.70000000	0.01159223	487.11088830	0.00227299	232.01280700	
20.80000000	0.01163952	489.09792298	0.00228226	232.95923933	
20.90000000	0.01168681	491.08495765	0.00229153	233.90567166	
21.00000000	0.01173409	493.07199232	0.00230080	234.85210399	
21.10000000	0.01178138	495.05902699	0.00231007	235.79853631	
21.20000000	0.01182867	497.04606167	0.00231935	236.74496864	
21.30000000	0.01187595	499.03309634	0.00232862	237.69140097	
21.40000000	0.01192324	501.02013101	0.00233789	238.63783330	
21.50000000	0.01197053	503.00716568	0.00234716	239.58426563	
21.60000000	0.01201782	504.99420035	0.00235643	240.53069795	
21.70000000	0.01206510	506.98123503	0.00236571	241.47713028	
21.80000000	0.01211239	508.96826970	0.00237498	242.42356261	
21.90000000	0.01215968	510.95530437	0.00238425	243.36999494	
22.00000000	0.01220697	512.94233904	0.00239352	244.31642726	
22.10000000	0.01225425	514.92937371	0.00240279	245.26285959	
22.20000000	0.01230154	516.91640839	0.00241207	246.20929192	
22.30000000	0.01234883	518.90344306	0.00242134	247.15572425	
22.40000000	0.01239612	520.89047773	0.00243061	248.10215658	
22.50000000	0.01244340	522.87751240	0.00243988	249.04858890	
22.60000000	0.01249069	524.86454708	0.00244915	249.99502123	
22.70000000	0.01253798	526.85158175	0.00245843	250.94145356	
22.80000000	0.01258526	528.83861642	0.00246770	251.88788589	
22.90000000	0.01263255	530.82565109	0.00247697	252.83431821	
23.00000000	0.01267984	532.81268576	0.00248624	253.78075054	
23.10000000	0.01272713	534.79972044	0.00249551	254.72718287	
23.20000000	0.01277441	536.78675511	0.00250479	255.67361520	
23.30000000	0.01282170	538.77378978	0.00251406	256.62004753	
23.40000000	0.01286899	540.76082445	0.00252333	257.56647985	
23.50000000	0.01291628	542.74785912	0.00253260	258.51291218	
23.60000000	0.01296356	544.73489380	0.00254188	259.45934451	
23.70000000	0.01301085	546.72192847	0.00255115	260.40577684	
23.80000000	0.01305814	548.70896314	0.00256042	261.35220916	
23.90000000	0.01310542	550.69599781	0.00256969	262.29864149	
24.00000000	0.01315271	552.68303249	0.00257896	263.24507382	
24.10000000	0.01320000	554.67006716	0.00258824	264.19150615	
24.20000000	0.01324729	556.65710183	0.00259751	265.13793848	
24.30000000	0.01329457	558.64413650	0.00260678	266.08437080	
24.40000000	0.01334186	560.63117117	0.00261605	267.03080313	
24.50000000	0.01338915	562.61820585	0.00262532	267.97723546	
24.60000000	0.01343644	564.60524052	0.00263460	268.92366779	
24.70000000	0.01348372	566.59227519	0.00264387	269.87010011	
24.80000000	0.01353101	568.57930986	0.00265314	270.81653244	
24.90000000	0.01357830	570.56634453	0.00266241	271.76296477	
25.00000000	0.01362559	572.55337921	0.00267168	272.70939710	
25.10000000	0.01367287	574.54041388	0.00268096	273.65582943	
25.20000000	0.01372016	576.52744855	0.00269023	274.60226175	
25.30000000	0.01376745	578.51448322	0.00269950	275.54869408	
25.40000000	0.01381473	580.50151790	0.00270877	276.49512641	
25.50000000	0.01386202	582.48855257	0.00271804	277.44155874	
25.60000000	0.01390931	584.47558724	0.00272732	278.38799106	
25.70000000	0.01395660	586.46262191	0.00273659	279.33442339	
25.80000000	0.01400388	588.44965658	0.00274586	280.28085572	
25.90000000	0.01405117	590.43669126	0.00275513	281.22728805	
26.00000000	0.01409846	592.42372593	0.00276440	282.17372038	
26.10000000	0.01414575	594.41076060	0.00277368	283.12015270	
26.20000000	0.01419303	596.39779527	0.00278295	284.06658503	
26.30000000	0.01424032	598.38482994	0.00279222	285.01301736	
26.40000000	0.01428761	600.37186462	0.00280149	285.95944969	
26.50000000	0.01433490	602.35889929	0.00281076	286.90588201	
26.60000000	0.01438218	604.34593396	0.00282004	287.85231434	
26.70000000	0.01442947	606.33296863	0.00282931	288.79874667	
26.80000000	0.01447676	608.32000331	0.00283858	289.74517900	
26.90000000	0.01452404	610.30703798	0.00284785	290.69161133	
27.00000000	0.01457133	612.29407265	0.00285712	291.63804365	
27.10000000	0.01461862	614.28110732	0.00286640	292.58447598	
27.20000000	0.01466591	616.26814199	0.00287567	293.53090831	
27.30000000	0.01471319	618.25517667	0.00288494	294.47734064	
27.40000000	0.01476048	620.24221134	0.00289421	295.42377296	
27.50000000	0.01480777	622.22924601	0.00290348	296.37020529	
27.60000000	0.01485506	624.21628068	0.00291276	297.31663762	
27.70000000	0.01490234	626.20331535	0.00292203	298.26306995	
27.80000000	0.01494963	628.19035003	0.00293130	299.20950228	
27.90000000	0.01499692	630.17738470	0.00294057	300.15593460	
28.00000000	0.01504420	632.16441937	0.00294984	301.10236693	
28.10000000	0.01509149	634.15145404	0.00295912	302.04879926	
28.20000000	0.01513878	636.13848871	0.00296839	302.99523159	
28.30000000	0.01518607	638.12552339	0.00297766	303.94166391	
28.40000000	0.01523335	640.11255806	0.00298693	304.88809624	
28.50000000	0.01528064	642.09959273	0.00299620	305.83452857	
28.60000000	0.01532793	644.08662740	0.00300548	306.78096090	
28.70000000	0.01537522	646.07366208	0.00301475	307.72739322	
28.80000000	0.01542250	648.06069675	0.00302402	308.67382555	
28.90000000	0.01546979	650.04773142	0.00303329	309.62025788	
29.00000000	0.01551708	652.03476609	0.00304256	310.56669021	
29.10000000	0.01556437	654.02180076	0.00305184	311.51312254	
29.20000000	0.01561165	656.00883544	0.00306111	312.45955486	
29.30000000	0.01565894	657.99587011	0.00307038	313.40598719	
29.40000000	0.01570623	659.98290478	0.00307965	314.35241952	
29.50000000	0.01575351	661.96993945	0.00308892	315.29885185	
29.60000000	0.01580080	663.95697412	0.00309820	316.24528417	
29.70000000	0.01584809	665.94400880	0.00310747	317.19171650	
29.80000000	0.01589538	667.93104347	0.00311674	318.13814883	
29.90000000	0.01594266	669.91807814	0.00312601	319.08458116	
30.00000000	0.01598995	671.90511281	0.00313528	320.03101349	
30.10000000	0.01603724	673.89214749	0.00314456	320.97744581	
30.20000000	0.01608453	675.87918216	0.00315383	321.92387814	
30.30000000	0.01613181	677.86621683	0.00316310	322.87031047	
30.40000000	0.01617910	679.85325150	0.00317237	323.81674280	
30.50000000	0.01622639	681.84028617	0.00318164	324.76317512	
30.60000000	0.01627367	683.82732085	0.00319092	325.70960745	
30.70000000	0.01632096	685.81435552	0.00320019	326.65603978	
30.80000000	0.01636825	687.80139019	0.00320946	327.60247211	
30.90000000	0.01641554	689.78842486	0.00321873	328.54890444	
31.00000000	0.01646282	691.77545953	0.00322800	329.49533676	
31.10000000	0.01651011	693.76249421	0.00323728	330.44176909	
31.20000000	0.01655740	695.74952888	0.00324655	331.38820142	
31.30000000	0.01660469	697.73656355	0.00325582	332.33463375	
31.40000000	0.01665197	699.72359822	0.00326509	333.28106607	
31.50000000	0.01669926	701.71063290	0.00327436	334.22749840	
31.60000000	0.01674655	703.69766757	0.00328364	335.17393073	
31.70000000	0.01679384	705.68470224	0.00329291	336.12036306	
31.80000000	0.01684112	707.67173691	0.00330218	337.06679539	
31.90000000	0.01688841	709.65877158	0.00331145	338.01322771	
32.00000000	0.01693570	711.64580626	0.00332072	338.95966004	
32.10000000	0.01698298	713.63284093	0.00333000	339.90609237	
32.20000000	0.01703027	715.61987560	0.00333927	340.85252470	
32.30000000	0.01707756	717.60691027	0.00334854	341.79895702	
32.40000000	0.01712485	719.59394494	0.00335781	342.74538935	
32.50000000	0.01717213	721.58097962	0.00336709	343.69182168	
32.60000000	0.01721942	723.56801429	0.00337636	344.63825401	
32.70000000	0.01726671	725.55504896	0.00338563	345.58468634	
32.80000000	0.01731400	727.54208363	0.00339490	346.53111866	
32.90000000	0.01736128	729.52911831	0.00340417	347.47755099	
33.00000000	0.01740857	731.51615298	0.00341345	348.42398332	
33.10000000	0.01745586	733.50318765	0.00342272	349.37041565	
33.20000000	0.01750315	735.49022232	0.00343199	350.31684797	
33.30000000	0.01755043	737.47725699	0.00344126	351.26328030	
33.40000000	0.01759772	739.46429167	0.00345053	352.20971263	
33.50000000	0.01764501	741.45132634	0.00345981	353.15614496	
33.60000000	0.01769229	743.43836101	0.00346908	354.10257729	
33.70000000	0.01773958	745.42539568	0.00347835	355.04900961	
33.80000000	0.01778687	747.41243035	0.00348762	355.99544194	
33.90000000	0.01783416	749.39946503	0.00349689	356.94187427	
34.00000000	0.01788144	751.38649970	0.00350617	357.88830660	
34.10000000	0.01792873	753.37353437	0.00351544	358.83473892	
34.20000000	0.01797602	755.36056904	0.00352471	359.78117125	
34.30000000	0.01802331	757.34760372	0.00353398	360.72760358	
34.40000000	0.01807059	759.33463839	0.00354325	361.67403591	
34.50000000	0.01811788	761.32167306	0.00355253	362.62046824	
34.60000000	0.01816517	763.30870773	0.00356180	363.56690056	
34.70000000	0.01821245	765.29574240	0.00357107	364.51333289	
34.80000000	0.01825974	767.28277708	0.00358034	365.45976522	
34.90000000	0.01830703	769.26981175	0.00358961	366.40619755	
35.00000000	0.01835432	771.25684642	0.00359889	367.35262987	
35.10000000	0.01840160	773.24388109	0.00360816	368.29906220	
35.20000000	0.01844889	775.23091576	0.00361743	369.24549453	
35.30000000	0.01849618	777.21795044	0.00362670	370.19192686	
35.40000000	0.01854347	779.20498511	0.00363597	371.13835918	
35.50000000	0.01859075	781.19201978	0.00364525	372.08479151	
35.60000000	0.01863804	783.17905445	0.00365452	373.03122384	
35.70000000	0.01868533	785.16608913	0.00366379	373.97765617	
35.80000000	0.01873262	787.15312380	0.00367306	374.92408850	
35.90000000	0.01877990	789.14015847	0.00368233	375.87052082	
36.00000000	0.01882719	791.12719314	0.00369161	376.81695315	
36.10000000	0.01887448	793.11422781	0.00370088	377.76338548	
36.20000000	0.01892176	795.10126249	0.00371015	378.70981781	
36.30000000	0.01896905	797.08829716	0.00371942	379.65625013	
36.40000000	0.01901634	799.07533183	0.00372869	380.60268246	
36.50000000	0.01906363	801.06236650	0.00373797	381.54911479	
36.60000000	0.01911091	803.04940117	0.00374724	382.49554712	
36.70000000	0.01915820	805.03643585	0.00375651	383.44197945	
36.80000000	0.01920549	807.02347052	0.00376578	384.38841177	
36.90000000	0.01925278	809.01050519	0.00377505	385.33484410	
37.00000000	0.01930006	810.99753986	0.00378433	386.28127643	
37.10000000	0.01934735	812.98457453	0.00379360	387.22770876	
37.20000000	0.01939464	814.97160921	0.00380287	388.17414108	
37.30000000	0.01944192	816.95864388	0.00381214	389.12057341	
37.40000000	0.01948921	818.94567855	0.00382141	390.06700574	
37.50000000	0.01953650	820.93271322	0.00383069	391.01343807	
37.60000000	0.01958379	822.91974790	0.00383996	391.95987040	
37.70000000	0.01963107	824.90678257	0.00384923	392.90630272	
37.80000000	0.01967836	826.89381724	0.00385850	393.85273505	
37.90000000	0.01972565	828.88085191	0.00386777	394.79916738	
38.00000000	0.01977294	830.86788658	0.00387705	395.74559971	
38.10000000	0.01982022	832.85492126	0.00388632	396.69203203	
38.20000000	0.01986751	834.84195593	0.00389559	397.63846436	
38.30000000	0.01991480	836.82899060	0.00390486	398.58489669	
38.40000000	0.01996209	838.81602527	0.00391413	399.53132902	
38.50000000	0.02000937	840.80305994	0.00392341	400.47776135	
38.60000000	0.02005666	842.79009462	0.00393268	401.42419367	
38.70000000	0.02010395	844.77712929	0.00394195	402.37062600	
38.80000000	0.02015123	846.76416396	0.00395122	403.31705833	
38.90000000	0.02019852	848.75119863	0.00396049	404.26349066	
39.00000000	0.02024581	850.73823331	0.00396977	405.20992298	
39.10000000	0.02029310	852.72526798	0.00397904	406.15635531	
39.20000000	0.02034038	854.71230265	0.00398831	407.10278764	
39.30000000	0.02038767	856.69933732	0.00399758	408.04921997	
39.40000000	0.02043496	858.68637199	0.00400685	408.99565230	
39.50000000	0.02048225	860.67340667	0.00401613	409.94208462	
39.60000000	0.02052953	862.66044134	0.00402540	410.88851695	
39.70000000	0.02057682	864.64747601	0.00403467	411.83494928	
39.80000000	0.02062411	866.63451068	0.00404394	412.78138161	
39.90000000	0.02067139	868.62154535	0.00405321	413.72781393	
40.00000000	0.02071868	870.60858003	0.00406249	414.67424626	
40.10000000	0.02076597	872.59561470	0.00407176	415.62067859	
40.20000000	0.02081326	874.58264937	0.00408103	416.56711092	
40.30000000	0.02086054	876.56968404	0.00409030	417.51354325	
40.40000000	0.02090783	878.55671872	0.00409957	418.45997557	
40.50000000	0.02095512	880.54375339	0.00410885	419.40640790	
40.60000000	0.02100241	882.53078806	0.00411812	420.35284023	
40.70000000	0.02104969	884.51782273	0.00412739	421.29927256	
40.80000000	0.02109698	886.50485740	0.00413666	422.24570488	
40.90000000	0.02114427	888.49189208	0.00414593	423.19213721	
41.00000000	0.02119156	890.47892675	0.00415521	424.13856954	
41.10000000	0.02123884	892.46596142	0.00416448	425.08500187	
41.20000000	0.02128613	894.45299609	0.00417375	426.03143420	
41.30000000	0.02133342	896.44003076	0.00418302	426.97786652	
41.40000000	0.02138070	898.42706544	0.00419230	427.92429885	
41.50000000	0.02142799	900.41410011	0.00420157	428.87073118	
41.60000000	0.02147528	902.40113478	0.00421084	429.81716351	
41.70000000	0.02152257	904.38816945	0.00422011	430.76359583	
41.80000000	0.02156985	906.37520413	0.00422938	431.71002816	
41.90000000	0.02161714	908.36223880	0.00423866	432.65646049	
42.00000000	0.02166443	910.34927347	0.00424793	433.60289282	
42.10000000	0.02171172	912.33630814	0.00425720	434.54932514	
42.20000000	0.02175900	914.32334281	0.00426647	435.49575747	
42.30000000	0.02180629	916.31037749	0.00427574	436.44218980	
42.40000000	0.02185358	918.29741216	0.00428502	437.38862213	
42.50000000	0.02190087	920.28444683	0.00429429	438.33505446	
42.60000000	0.02194815	922.27148150	0.00430356	439.28148678	
42.70000000	0.02199544	924.25851617	0.00431283	440.22791911	
42.80000000	0.02204273	926.24555085	0.00432210	441.17435144	
42.90000000	0.02209001	928.23258552	0.00433138	442.12078377	
43.00000000	0.02213730	930.21962019	0.00434065	443.06721609	
43.10000000	0.02218459	932.20665486	0.00434992	444.01364842	
43.20000000	0.02223188	934.19368954	0.00435919	444.96008075	
43.30000000	0.02227916	936.18072421	0.00436846	445.90651308	
43.40000000	0.02232645	938.16775888	0.00437774	446.85294541	
43.50000000	0.02237374	940.15479355	0.00438701	447.79937773	
43.60000000	0.02242103	942.14182822	0.00439628	448.74581006	
43.70000000	0.02246831	944.12886290	0.00440555	449.69224239	
43.80000000	0.02251560	946.11589757	0.00441482	450.63867472	
43.90000000	0.02256289	948.10293224	0.00442410	451.58510704	
44.00000000	0.02261017	950.08996691	0.00443337	452.53153937	
44.10000000	0.02265746	952.07700158	0.00444264	453.47797170	
44.20000000	0.02270475	954.06403626	0.00445191	454.42440403	
44.30000000	0.02275204	956.05107093	0.00446118	455.37083636	
44.40000000	0.02279932	958.03810560	0.00447046	456.31726868	
44.50000000	0.02284661	960.02514027	0.00447973	457.26370101	
44.60000000	0.02289390	962.01217495	0.00448900	458.21013334	
44.70000000	0.02294119	963.99920962	0.00449827	459.15656567	
44.80000000	0.02298847	965.98624429	0.00450754	460.10299799	
44.90000000	0.02303576	967.97327896	0.00451682	461.04943032	
45.00000000	0.02308305	969.96031363	0.00452609	461.99586265	
45.10000000	0.02313034	971.94734831	0.00453536	462.94229498	
45.20000000	0.02317762	973.93438298	0.00454463	463.88872731	
45.30000000	0.02322491	975.92141765	0.00455390	464.83515963	
45.40000000	0.02327220	977.90845232	0.00456318	465.78159196	
45.50000000	0.02331948	979.89548699	0.00457245	466.72802429	
45.60000000	0.02336677	981.88252167	0.00458172	467.67445662	
45.70000000	0.02341406	983.86955634	0.00459099	468.62088894	
45.80000000	0.02346135	985.85659101	0.00460026	469.56732127	
45.90000000	0.02350863	987.84362568	0.00460954	470.51375360	
46.00000000	0.02355592	989.83066036	0.00461881	471.46018593	
46.10000000	0.02360321	991.81769503	0.00462808	472.40661826	
46.20000000	0.02365050	993.80472970	0.00463735	473.35305058	
46.30000000	0.02369778	995.79176437	0.00464662	474.29948291	
46.40000000	0.02374507	997.77879904	0.00465590	475.24591524	
46.50000000	0.02379236	999.76583372	0.00466517	476.19234757	
46.60000000	0.02383964	1001.75286839	0.00467444	477.13877989	
46.70000000	0.02388693	1003.73990306	0.00468371	478.08521222	
46.80000000	0.02393422	1005.72693773	0.00469298	479.03164455	
46.90000000	0.02398151	1007.71397240	0.00470226	479.97807688	
47.00000000	0.02402879	1009.70100708	0.00471153	480.92450921	
47.10000000	0.02407608	1011.68804175	0.00472080	481.87094153	
47.20000000	0.02412337	1013.67507642	0.00473007	482.81737386	
47.30000000	0.02417066	1015.66211109	0.00473934	483.76380619	
47.40000000	0.02421794	1017.64914576	0.00474862	484.71023852	
47.50000000	0.02426523	1019.63618044	0.00475789	485.65667084	
47.60000000	0.02431252	1021.62321511	0.00476716	486.60310317	
47.70000000	0.02435981	1023.61024978	0.00477643	487.54953550	
47.80000000	0.02440709	1025.59728445	0.00478570	488.49596783	
47.90000000	0.02445438	1027.58431913	0.00479498	489.44240016	
48.00000000	0.02450167	1029.57135380	0.00480425	490.38883248	
48.10000000	0.02454895	1031.55838847	0.00481352	491.33526481	
48.20000000	0.02459624	1033.54542314	0.00482279	492.28169714	
48.30000000	0.02464353	1035.53245781	0.00483206	493.22812947	
48.40000000	0.02469082	1037.51949249	0.00484134	494.17456179	
48.50000000	0.02473810	1039.50652716	0.00485061	495.12099412	
48.60000000	0.02478539	1041.49356183	0.00485988	496.06742645	
48.70000000	0.02483268	1043.48059650	0.00486915	497.01385878	
48.80000000	0.02487997	1045.46763117	0.00487842	497.96029110	
48.90000000	0.02492725	1047.45466585	0.00488770	498.90672343	
49.00000000	0.02497454	1049.44170052	0.00489697	499.85315576	
49.10000000	0.02502183	1051.42873519	0.00490624	500.79958809	
49.20000000	0.02506912	1053.41576986	0.00491551	501.74602042	
49.30000000	0.02511640	1055.40280454	0.00492478	502.69245274	
49.40000000	0.02516369	1057.38983921	0.00493406	503.63888507	
49.50000000	0.02521098	1059.37687388	0.00494333	504.58531740	
49.60000000	0.02525826	1061.36390855	0.00495260	505.53174973	
49.70000000	0.02530555	1063.35094322	0.00496187	506.47818205	
49.80000000	0.02535284	1065.33797790	0.00497114	507.42461438	
49.90000000	0.02540013	1067.32501257	0.00498042	508.37104671	
50.00000000	0.02544741	1069.31204724	0.00498969	509.31747904	
50.10000000	0.02549470	1071.29908191	0.00499896	510.26391137	
50.20000000	0.02554199	1073.28611658	0.00500823	511.21034369	
50.30000000	0.02554199	1073.28611658	0.00500823	511.21034369	
50.40000000	0.02558003	1075.29753258	0.00501569	512.16838894	
50.50000000	0.02573021	1077.01315258	0.00504514	512.98554541	
50.60000000	0.02594767	1078.55129458	0.00508778	513.71816841	
50.70000000	0.02622120	1079.94153758	0.00514141	514.38034655	
50.80000000	0.02642371	1081.51911958	0.00518112	515.13175498	
50.90000000	0.02671219	1082.86992358	0.00523768	515.77514817	
51.00000000	0.02691843	1084.43764458	0.00527812	516.52185977	
51.10000000	0.02714711	1085.94620758	0.00532296	517.24039418	
51.20000000	0.02742063	1087.33645058	0.00537659	517.90257232	
51.30000000	0.02764931	1088.84501358	0.00542143	518.62110673	
51.40000000	0.02789667	1090.30427558	0.00546994	519.31615889	
51.50000000	0.02817020	1091.69451958	0.00552357	519.97833750	
51.60000000	0.02849605	1092.94672458	0.00558746	520.57476760	
51.70000000	0.02888545	1094.03131258	0.00566381	521.09136108	
51.80000000	0.02925616	1095.16519858	0.00573650	521.63143538	
51.90000000	0.02951474	1096.59488158	0.00578720	522.31239894	
52.00000000	0.02994152	1097.58087058	0.00587089	522.78202933	
52.10000000	0.03022252	1098.95139458	0.00592598	523.43481523	
52.20000000	0.03055212	1100.19373958	0.00599061	524.02654898	
52.30000000	0.03094899	1101.25860658	0.00606843	524.53374927	
52.40000000	0.03113655	1102.87562758	0.00610521	525.30394265	
52.50000000	0.03141381	1104.25601158	0.00615957	525.96142490	
52.60000000	0.03173593	1105.51807658	0.00622273	526.56255136	
52.70000000	0.03204310	1106.81958158	0.00628296	527.18246325	
52.80000000	0.03236522	1108.08164658	0.00634612	527.78358970	
52.90000000	0.03273219	1109.22539358	0.00641808	528.32836084	
53.00000000	0.03311785	1110.31984058	0.00649370	528.84965020	
53.10000000	0.03339512	1111.70022358	0.00654806	529.50713198	
53.20000000	0.03388634	1112.68621258	0.00664438	529.97676236	
53.30000000	0.03439520	1113.90883758	0.00674416	530.55910340	
53.40000000	0.03491900	1115.09202358	0.00684686	531.12265948	
53.50000000	0.03552878	1116.04843258	0.00696643	531.57820080	
53.60000000	0.03604511	1117.25133858	0.00706767	532.15114960	
53.70000000	0.03669974	1118.08942858	0.00719603	532.55033512	
53.80000000	0.03727588	1119.13457658	0.00730900	533.04814317	
53.90000000	0.03787070	1120.13042458	0.00742563	533.52246944	
54.00000000	0.03840946	1121.27417058	0.00753127	534.06724010	
54.10000000	0.03897065	1122.35875758	0.00764130	534.58383310	
54.20000000	0.03957295	1123.33488658	0.00775940	535.04876713	
54.30000000	0.04015282	1124.37017458	0.00787310	535.54187882	
54.40000000	0.04077381	1125.29700358	0.00799486	535.98333107	
54.50000000	0.04140975	1126.18439258	0.00811956	536.40599790	
54.60000000	0.04209428	1126.94360358	0.00825378	536.76761304	
54.70000000	0.04271901	1127.86057258	0.00837628	537.20436894	
54.80000000	0.04341102	1128.60006458	0.00851196	537.55659185	
54.90000000	0.04403201	1129.52689358	0.00863373	537.99804410	
55.00000000	0.04467916	1130.38470358	0.00876062	538.40662233	
55.10000000	0.04535248	1131.17349358	0.00889264	538.78232607	
55.20000000	0.04605197	1131.89326558	0.00902980	539.12515627	
55.30000000	0.04681126	1132.45527858	0.00917868	539.39284524	
55.40000000	0.04747336	1133.27364858	0.00930850	539.78263805	
55.50000000	0.04822892	1133.84552258	0.00945665	540.05502386	
55.60000000	0.04895830	1134.48641458	0.00959967	540.36028320	
55.70000000	0.04963536	1135.26534558	0.00973242	540.73129106	
55.80000000	0.05045445	1135.66960058	0.00989303	540.92383929	
55.90000000	0.05119879	1136.27105358	0.01003898	541.21031369	
56.00000000	0.05196556	1136.81334758	0.01018933	541.46861042	
56.10000000	0.05269494	1137.45423958	0.01033234	541.77386977	
56.20000000	0.05343181	1138.07541258	0.01047682	542.06973688	
56.30000000	0.05431444	1138.31204958	0.01064989	542.18244800	
56.40000000	0.05511111	1138.77546358	0.01080610	542.40317389	
56.50000000	0.05597506	1139.06140058	0.01097550	542.53936679	
56.60000000	0.05674930	1139.58397458	0.01112731	542.78827082	
56.70000000	0.05738524	1140.47136358	0.01125201	543.21093764	
56.80000000	0.05809594	1141.16155558	0.01139136	543.53967877	
56.90000000	0.05885523	1141.72356858	0.01154024	543.80736775	
57.00000000	0.05960331	1142.31516158	0.01168692	544.08914579	
57.10000000	0.06047847	1142.57151858	0.01185852	544.21124962	
57.20000000	0.06128635	1143.00535358	0.01201693	544.41788692	
57.30000000	0.06201200	1143.65610658	0.01215922	544.72784310	
57.40000000	0.06294697	1143.75470458	0.01234254	544.77480571	
57.50000000	0.06376980	1144.14910058	0.01250388	544.96265805	
57.60000000	0.06465244	1144.38573758	0.01267695	545.07536918	
57.70000000	0.06559862	1144.45475658	0.01286247	545.10824319	
57.80000000	0.06643640	1144.80971258	0.01302675	545.27731011	
57.90000000	0.06730409	1145.08578958	0.01319688	545.40880666	
58.00000000	0.06817925	1145.34214658	0.01336848	545.53091050	
58.10000000	0.06912169	1145.42102558	0.01355327	545.56848087	
58.20000000	0.07001554	1145.62808258	0.01372854	545.66710292	
58.30000000	0.07095425	1145.71682158	0.01391260	545.70936965	
58.40000000	0.07193033	1145.70696158	0.01410399	545.70467330	
58.50000000	0.07270083	1146.23939558	0.01425507	545.95827368	
58.60000000	0.07349750	1146.70280958	0.01441127	546.17899956	
58.70000000	0.07435771	1146.99860658	0.01457994	546.31988882	
58.80000000	0.07527773	1147.13664458	0.01476034	546.38563686	
58.90000000	0.07625755	1147.11692558	0.01495246	546.37624462	
59.00000000	0.07723363	1147.10706558	0.01514385	546.37154827	
59.10000000	0.07811253	1147.35356258	0.01531618	546.48895574	
59.20000000	0.07889799	1147.84655658	0.01547019	546.72377070	
59.30000000	0.07983295	1147.94515558	0.01565352	546.77073379	
59.40000000	0.08066326	1148.31983058	0.01581633	546.94919294	
59.50000000	0.08156833	1148.49730858	0.01599379	547.03372640	
59.60000000	0.08257057	1148.41842958	0.01619031	546.99615603	
59.70000000	0.08350928	1148.50716858	0.01637437	547.03842276	
59.80000000	0.08451526	1148.41842958	0.01657162	546.99615603	
59.90000000	0.08547640	1148.44800958	0.01676008	547.01024510	
60.00000000	0.08638146	1148.62548758	0.01693754	547.09477856	
60.10000000	0.08733138	1148.68464658	0.01712380	547.12295622	
60.20000000	0.08826261	1148.79310558	0.01730639	547.17461566	
60.30000000	0.08926112	1148.72408658	0.01750218	547.14174165	
60.40000000	0.09022973	1148.73394558	0.01769210	547.14643753	
60.50000000	0.09110115	1149.00016258	0.01786297	547.27323772	
60.60000000	0.09190529	1149.44385758	0.01802065	547.48457137	
60.70000000	0.09269449	1149.92699158	0.01817539	547.71468997	
60.80000000	0.09351732	1150.32138758	0.01833673	547.90254231	
60.90000000	0.09438501	1150.59746358	0.01850686	548.03403838	
61.00000000	0.09540968	1150.45942558	0.01870778	547.96829035	
61.10000000	0.09638576	1150.44956558	0.01889917	547.96359399	
61.20000000	0.09725345	1150.72564258	0.01906930	548.09509054	
61.30000000	0.09820711	1150.77494158	0.01925630	548.11857184	
61.40000000	0.09905610	1151.10031758	0.01942277	548.27354970	
61.50000000	0.09996117	1151.27779558	0.01960023	548.35808316	
61.60000000	0.10100827	1151.08059858	0.01980554	548.26415746	
61.70000000	0.10193576	1151.19891658	0.01998740	548.32051278	
61.80000000	0.10290811	1151.19891658	0.02017806	548.32051278	
61.90000000	0.10383186	1151.32709558	0.02035919	548.38156494	
62.00000000	0.10468086	1151.65247158	0.02052566	548.53654279	
62.10000000	0.10571675	1151.48485358	0.02072877	548.45670568	
62.20000000	0.10668535	1151.49471358	0.02091870	548.46140204	
62.30000000	0.10761284	1151.61303158	0.02110056	548.51775736	
62.40000000	0.10863004	1151.49471358	0.02130001	548.46140204	
62.50000000	0.10946035	1151.86938858	0.02146281	548.63986120	
62.60000000	0.11050745	1151.67219158	0.02166813	548.54593550	
62.70000000	0.11151344	1151.58345258	0.02186538	548.50366877	
62.80000000	0.11248952	1151.57359258	0.02205677	548.49897241	
62.90000000	0.11352915	1151.39611458	0.02226062	548.41443895	
63.00000000	0.11429965	1151.92854858	0.02241170	548.66803934	
63.10000000	0.11526452	1151.94826758	0.02260089	548.67743157	
63.20000000	0.11622565	1151.97784758	0.02278934	548.69152064	
63.30000000	0.11712324	1152.17504558	0.02296534	548.78544681	
63.40000000	0.11810306	1152.15532558	0.02315746	548.77605410	
63.50000000	0.11903056	1152.27364358	0.02333932	548.83240942	
63.60000000	0.11994683	1152.42154258	0.02351899	548.90285429	
63.70000000	0.12086311	1152.56944058	0.02369865	548.97329868	
63.80000000	0.12182051	1152.60887958	0.02388637	548.99208363	
63.90000000	0.12268819	1152.88495658	0.02405651	549.12358018	
64.00000000	0.12360447	1153.03285458	0.02423617	549.19402457	
64.10000000	0.12460672	1152.95397558	0.02443269	549.15645420	
64.20000000	0.12548936	1153.19061358	0.02460576	549.26916579	
64.30000000	0.12650655	1153.07229458	0.02480521	549.21281000	
64.40000000	0.12742657	1153.21033258	0.02498560	549.27855803	
64.50000000	0.12832790	1153.39767058	0.02516233	549.36778785	
64.60000000	0.12940116	1153.13145358	0.02537278	549.24098766	
64.70000000	0.13032492	1153.25963258	0.02555391	549.30203981	
64.80000000	0.13132343	1153.19061358	0.02574969	549.26916579	
64.90000000	0.13230325	1153.17089358	0.02594181	549.25977308	
65.00000000	0.13312234	1153.57514858	0.02610242	549.45232131	
65.10000000	0.13404983	1153.69346758	0.02628428	549.50867711	
65.20000000	0.13500349	1153.74276658	0.02647127	549.53215841	
65.30000000	0.13595715	1153.79206558	0.02665826	549.55563972	
65.40000000	0.13701546	1153.56528858	0.02686578	549.44762495	
65.50000000	0.13805509	1153.38781058	0.02706963	549.36309149	
65.60000000	0.13911714	1153.15117358	0.02727787	549.25038037	
65.70000000	0.14009323	1153.14131358	0.02746926	549.24568401	
65.80000000	0.14102819	1153.23991258	0.02765259	549.29264710	
65.90000000	0.14202670	1153.17089358	0.02784837	549.25977308	
66.00000000	0.14279347	1153.71318658	0.02799872	549.51806934	
66.10000000	0.14381441	1153.58500858	0.02819890	549.45701766	
66.20000000	0.14482039	1153.49626958	0.02839616	549.41475093	
66.30000000	0.14574788	1153.61458858	0.02857802	549.47110673	
66.40000000	0.14677256	1153.47654958	0.02877893	549.40535822	
66.50000000	0.14761408	1153.82164558	0.02894394	549.56972879	
66.60000000	0.14851167	1154.01884358	0.02911993	549.66365496	
66.70000000	0.14945037	1154.10758258	0.02930399	549.70592169	
66.80000000	0.15037413	1154.23576058	0.02948512	549.76697337	
66.90000000	0.15129040	1154.38365858	0.02966479	549.83741776	
67.00000000	0.15237862	1154.07800258	0.02987816	549.69183262	
67.10000000	0.15335097	1154.07800258	0.03006882	549.69183262	
67.20000000	0.15441302	1153.84136558	0.03027706	549.57912150	
67.30000000	0.15539284	1153.82164558	0.03046918	549.56972879	
67.40000000	0.15627922	1154.04842258	0.03064298	549.67774355	
67.50000000	0.15721045	1154.15688158	0.03082558	549.72940299	
67.60000000	0.15810056	1154.37379958	0.03100011	549.83272188	
67.70000000	0.15906543	1154.39351858	0.03118930	549.84211412	
67.80000000	0.16006768	1154.31463958	0.03138582	549.80454374	
67.90000000	0.16099891	1154.42309858	0.03156841	549.85620318	
68.00000000	0.16193761	1154.51183758	0.03175247	549.89846991	
68.10000000	0.16292491	1154.47239758	0.03194606	549.87968449	
68.20000000	0.16384119	1154.62029658	0.03212572	549.95012936	
68.30000000	0.16486212	1154.49211758	0.03232591	549.88907720	
68.40000000	0.16578214	1154.63015558	0.03250630	549.95482524	
68.50000000	0.16673580	1154.67945558	0.03269329	549.97830702	
68.60000000	0.16773057	1154.62029658	0.03288835	549.95012936	
68.70000000	0.16875151	1154.49211758	0.03308853	549.88907720	
68.80000000	0.16971264	1154.52169758	0.03327699	549.90316627	
68.90000000	0.17076348	1154.31463958	0.03348303	549.80454374	
69.00000000	0.17177694	1154.20618158	0.03368175	549.75288477	
69.10000000	0.17266331	1154.43295858	0.03385555	549.86089954	
69.20000000	0.17369546	1154.27520058	0.03405793	549.78575879	
69.30000000	0.17470519	1154.17660158	0.03425592	549.73879571	
69.40000000	0.17559156	1154.40337858	0.03442972	549.84681047	
69.50000000	0.17655270	1154.43295858	0.03461818	549.86089954	
69.60000000	0.17755868	1154.34421958	0.03481543	549.81863281	
69.70000000	0.17848991	1154.45267858	0.03499802	549.87029225	
69.80000000	0.17954823	1154.22590058	0.03520553	549.76227701	
69.90000000	0.18064766	1153.89066458	0.03542111	549.60260280	
70.00000000	0.18164243	1153.83150558	0.03561616	549.57442514	
70.10000000	0.18262225	1153.81178558	0.03580828	549.56503243	
70.20000000	0.18354227	1153.94982458	0.03598868	549.63078094	
70.30000000	0.18438753	1154.28506058	0.03615442	549.79045515	
70.40000000	0.18538604	1154.21604058	0.03635020	549.75758065	
70.50000000	0.18643314	1154.01884358	0.03655552	549.66365496	
70.60000000	0.18742044	1153.97940358	0.03674910	549.64486953	
70.70000000	0.18843390	1153.87094458	0.03694782	549.59321009	
70.80000000	0.18936886	1153.96954358	0.03713115	549.64017318	
70.90000000	0.19024029	1154.23576058	0.03730202	549.76697337	
71.00000000	0.19126123	1154.10758258	0.03750220	549.70592169	
71.10000000	0.19218124	1154.24562058	0.03768260	549.77166972	
71.20000000	0.19322087	1154.06814258	0.03788644	549.68713626	
71.30000000	0.19406986	1154.39351858	0.03805291	549.84211412	
71.40000000	0.19506837	1154.32449958	0.03824870	549.80924010	
71.50000000	0.19612669	1154.09772258	0.03845621	549.70122533	
71.60000000	0.19708035	1154.14702158	0.03864321	549.72470664	
71.70000000	0.19814614	1153.90052458	0.03885218	549.60729916	
71.80000000	0.19907363	1154.01884358	0.03903404	549.66365496	
71.90000000	0.19997869	1154.19632158	0.03921151	549.74818842	
72.00000000	0.20095851	1154.17660158	0.03940363	549.73879571	
72.10000000	0.20196450	1154.08786258	0.03960088	549.69652898	
72.20000000	0.20297049	1153.99912358	0.03979813	549.65426225	
72.30000000	0.20391667	1154.06814258	0.03998366	549.68713626	
72.40000000	0.20493387	1153.94982458	0.04018311	549.63078094	
72.50000000	0.20597723	1153.76248658	0.04038769	549.54155112	
72.60000000	0.20699817	1153.63430758	0.04058788	549.48049897	
72.70000000	0.20806396	1153.38781058	0.04079685	549.36309149	
72.80000000	0.20896902	1153.56528858	0.04097432	549.44762495	
72.90000000	0.20996006	1153.51598958	0.04116864	549.42414365	
73.00000000	0.21084643	1153.74276658	0.04134244	549.53215841	
73.10000000	0.21185989	1153.63430758	0.04154116	549.48049897	
73.20000000	0.21287709	1153.51598958	0.04174061	549.42414365	
73.30000000	0.21378963	1153.67374758	0.04191954	549.49928439	
73.40000000	0.21480310	1153.56528858	0.04211825	549.44762495	
73.50000000	0.21576423	1153.59486858	0.04230671	549.46171402	
73.60000000	0.21675900	1153.53570858	0.04250176	549.43353588	
73.70000000	0.21766780	1153.70332658	0.04267996	549.51337299	
73.80000000	0.21865510	1153.66388758	0.04287355	549.49458804	
73.90000000	0.21958633	1153.77234658	0.04305614	549.54624748	
74.00000000	0.22053998	1153.82164558	0.04324313	549.56972879	
74.10000000	0.22165437	1153.44697058	0.04346164	549.39126963	
74.20000000	0.22263793	1153.41739058	0.04365450	549.37718056	
74.30000000	0.22356915	1153.52584958	0.04383709	549.42884000	
74.40000000	0.22458262	1153.41739058	0.04403581	549.37718056	
74.50000000	0.22546152	1153.66388758	0.04420814	549.49458804	
74.60000000	0.22637406	1153.82164558	0.04438707	549.56972879	
74.70000000	0.22738004	1153.73290658	0.04458432	549.52746206	
74.80000000	0.22827389	1153.93996458	0.04475959	549.62608458	
74.90000000	0.22920512	1154.04842258	0.04494218	549.67774355	
75.00000000	0.23015130	1154.11744258	0.04512771	549.71061804	
75.10000000	0.23122831	1153.84136558	0.04533888	549.57912150	
75.20000000	0.23216327	1153.93996458	0.04552221	549.62608458	
75.30000000	0.23315057	1153.90052458	0.04571580	549.60729916	
75.40000000	0.23413787	1153.86108558	0.04590939	549.58851421	
75.50000000	0.23509900	1153.89066458	0.04609784	549.60260280	
75.60000000	0.23616105	1153.65402758	0.04630609	549.48989168	
75.70000000	0.23732777	1153.14131358	0.04653486	549.24568401	
75.80000000	0.23824778	1153.27935258	0.04671525	549.31143252	
75.90000000	0.23918275	1153.37795058	0.04689858	549.35839513	
76.00000000	0.24017005	1153.33851158	0.04709217	549.33961019	
76.10000000	0.24107511	1153.51598958	0.04726963	549.42414365	
76.20000000	0.24224182	1153.00327558	0.04749840	549.17993598	
76.30000000	0.24325902	1152.88495658	0.04769785	549.12358018	
76.40000000	0.24421642	1152.92439658	0.04788557	549.14236560	
76.50000000	0.24520745	1152.87509658	0.04807989	549.11888382	
76.60000000	0.24607887	1153.14131358	0.04825076	549.24568401	
76.70000000	0.24702879	1153.20047258	0.04843702	549.27386167	
76.80000000	0.24810954	1152.91453658	0.04864893	549.13766925	
76.90000000	0.24910805	1152.84551758	0.04884471	549.10479523	
77.00000000	0.25024112	1152.42154258	0.04906689	548.90285429	
77.10000000	0.25129196	1152.21448458	0.04927293	548.80423176	
77.20000000	0.25236896	1151.93840758	0.04948411	548.67273522	
77.30000000	0.25336373	1151.87924858	0.04967916	548.64455755	
77.40000000	0.25428001	1152.02714658	0.04985883	548.71500195	
77.50000000	0.25521872	1152.11588558	0.05004289	548.75726868	
77.60000000	0.25605276	1152.48070158	0.05020642	548.93103195	
77.70000000	0.25698399	1152.58916058	0.05038902	548.98269140	
77.80000000	0.25797876	1152.53000058	0.05058407	548.95451326	
77.90000000	0.25902213	1152.34266358	0.05078865	548.86528392	
78.00000000	0.26002811	1152.25392458	0.05098590	548.82301719	
78.10000000	0.26111259	1151.95812758	0.05119855	548.68212793	
78.20000000	0.26204382	1152.06658658	0.05138114	548.73378737	
78.30000000	0.26297505	1152.17504558	0.05156374	548.78544681	
78.40000000	0.26401842	1151.98770758	0.05176832	548.69621700	
78.50000000	0.26487489	1152.29336358	0.05193625	548.84180214	
78.60000000	0.26590704	1152.13560558	0.05213864	548.76666139	
78.70000000	0.26691303	1152.04686658	0.05233589	548.72439466	
78.80000000	0.26779566	1152.28350358	0.05250895	548.83710578	
78.90000000	0.26891005	1151.90882858	0.05272746	548.65864662	
79.00000000	0.26994593	1151.74121058	0.05293058	548.57880952	
79.10000000	0.27095566	1151.64261158	0.05312856	548.53184643	
79.20000000	0.27196164	1151.55387258	0.05332581	548.48957970	
79.30000000	0.27297511	1151.44541358	0.05352453	548.43792026	
79.40000000	0.27393250	1151.48485358	0.05371225	548.45670568	
79.50000000	0.27498334	1151.27779558	0.05391830	548.35808316	
79.60000000	0.27607156	1150.97213958	0.05413168	548.21249802	
79.70000000	0.27701026	1151.06087858	0.05431574	548.25476475	
79.80000000	0.27797887	1151.07073858	0.05450566	548.25946110	
79.90000000	0.27897738	1151.00171958	0.05470145	548.22658708	
80.00000000	0.27992730	1151.06087858	0.05488771	548.25476475	
80.10000000	0.28090338	1151.05101858	0.05507909	548.25006839	
80.20000000	0.28187199	1151.06087858	0.05526902	548.25476475	
80.30000000	0.28282191	1151.12003758	0.05545528	548.28294241	
80.40000000	0.28380173	1151.10031758	0.05564740	548.27354970	
80.50000000	0.28485631	1150.88340058	0.05585418	548.17023129	
80.60000000	0.28589593	1150.70592258	0.05605803	548.08569783	
80.70000000	0.28685706	1150.73550258	0.05624648	548.09978689	
80.80000000	0.28782193	1150.75522158	0.05643567	548.10917913	
80.90000000	0.28885409	1150.59746358	0.05663806	548.03403838	
81.00000000	0.28986381	1150.49886458	0.05683604	547.98707530	
81.10000000	0.29092586	1150.26222758	0.05704429	547.87436417	
81.20000000	0.29205893	1149.83825258	0.05726646	547.67242324	
81.30000000	0.29306118	1149.75937358	0.05746298	547.63485286	
81.40000000	0.29417183	1149.39455858	0.05768075	547.46109006	
81.50000000	0.29523014	1149.16778058	0.05788826	547.35307482	
81.60000000	0.29628846	1148.94100358	0.05809578	547.24506005	
81.70000000	0.29729444	1148.85226458	0.05829303	547.20279332	
81.80000000	0.29825931	1148.87198458	0.05848222	547.21218604	
81.90000000	0.29920923	1148.93114358	0.05866848	547.24036370	
82.00000000	0.30018905	1148.91142358	0.05886060	547.23097099	
82.10000000	0.30111281	1149.03960258	0.05904173	547.29202314	
82.20000000	0.30217112	1148.81282458	0.05924924	547.18400790	
82.30000000	0.30317711	1148.72408658	0.05944649	547.14174165	
82.40000000	0.30414945	1148.72408658	0.05963715	547.14174165	
82.50000000	0.30518908	1148.54660858	0.05984100	547.05720819	
82.60000000	0.30609414	1148.72408658	0.06001846	547.14174165	
82.70000000	0.30715620	1148.48744858	0.06022671	547.02903005	
82.80000000	0.30818461	1148.33955058	0.06042835	546.95858566	
82.90000000	0.30921676	1148.18179258	0.06063074	546.88344491	
83.00000000	0.31029003	1147.91557558	0.06084118	546.75664472	
83.10000000	0.31121752	1148.03389458	0.06102304	546.81300052	
83.20000000	0.31220108	1148.00431458	0.06121590	546.79891145	
83.30000000	0.31327434	1147.73809758	0.06142634	546.67211126	
83.40000000	0.31434387	1147.48174058	0.06163605	546.55000742	
83.50000000	0.31537229	1147.33384258	0.06183770	546.47956303	
83.60000000	0.31649414	1146.93944758	0.06205768	546.29171116	
83.70000000	0.31753751	1146.75210958	0.06226226	546.20248135	
83.80000000	0.31847995	1146.83098858	0.06244705	546.24005172	
83.90000000	0.31954574	1146.58449158	0.06265603	546.12264424	
84.00000000	0.32051061	1146.60421158	0.06284522	546.13203695	
84.10000000	0.32143063	1146.74224958	0.06302561	546.19778499	
84.20000000	0.32246278	1146.58449158	0.06322800	546.12264424	
84.30000000	0.32353231	1146.32813458	0.06343771	546.00054041	
84.40000000	0.32453082	1146.25911558	0.06363349	545.96766639	
84.50000000	0.32564894	1145.87457958	0.06385273	545.78451040	
84.60000000	0.32669604	1145.67738258	0.06405805	545.69058470	
84.70000000	0.32765343	1145.71682158	0.06424577	545.70936965	
84.80000000	0.32862204	1145.72668158	0.06443569	545.71406601	
84.90000000	0.32950842	1145.95345858	0.06460949	545.82208077	
85.00000000	0.33049197	1145.92387958	0.06480235	545.80799218	
85.10000000	0.33148675	1145.86471958	0.06499740	545.77981404	
85.20000000	0.33244040	1145.91401958	0.06518439	545.80329583	
85.30000000	0.33345013	1145.81542058	0.06538238	545.75633274	
85.40000000	0.33437014	1145.95345858	0.06556277	545.82208077	
85.50000000	0.33535744	1145.91401958	0.06575636	545.80329583	
85.60000000	0.33634474	1145.87457958	0.06594995	545.78451040	
85.70000000	0.33732082	1145.86471958	0.06614134	545.77981404	
85.80000000	0.33833428	1145.75626158	0.06634006	545.72815508	
85.90000000	0.33931410	1145.73654158	0.06653218	545.71876236	
86.00000000	0.34029392	1145.71682158	0.06672430	545.70936965	
86.10000000	0.34131486	1145.58864358	0.06692448	545.64831797	
86.20000000	0.34236196	1145.39144558	0.06712980	545.55439180	
86.30000000	0.34339037	1145.24354758	0.06733145	545.48394741	
86.40000000	0.34450476	1144.86887158	0.06754995	545.30548778	
86.50000000	0.34548832	1144.83929258	0.06774281	545.29139918	
86.60000000	0.34649056	1144.76041258	0.06793933	545.25382833	
86.70000000	0.34746291	1144.76041258	0.06812998	545.25382833	
86.80000000	0.34845021	1144.72097358	0.06832357	545.23504338	
86.90000000	0.34941134	1144.75055358	0.06851203	545.24913245	
87.00000000	0.35039864	1144.71111358	0.06870561	545.23034703	
87.10000000	0.35135603	1144.75055358	0.06889334	545.24913245	
87.20000000	0.35233585	1144.73083358	0.06908546	545.23973974	
87.30000000	0.35336426	1144.58293558	0.06928711	545.16929535	
87.40000000	0.35447491	1144.21811958	0.06950488	544.99553207	
87.50000000	0.35561172	1143.78428458	0.06972779	544.78889478	
87.60000000	0.35665882	1143.58708658	0.06993310	544.69496860	
87.70000000	0.35782927	1143.06451358	0.07016260	544.44606506	
87.80000000	0.35882778	1142.99549358	0.07035839	544.41319056	
87.90000000	0.35975153	1143.12367258	0.07053952	544.47424272	
88.00000000	0.36077995	1142.97577458	0.07074117	544.40379833	
88.10000000	0.36164389	1143.26171058	0.07091057	544.53999075	
88.20000000	0.36243682	1143.73498558	0.07106604	544.76541347	
88.30000000	0.36352504	1143.42932858	0.07127942	544.61982786	
88.40000000	0.36451981	1143.37016958	0.07147447	544.59165020	
88.50000000	0.36557813	1143.14339258	0.07168199	544.48363543	
88.60000000	0.36668130	1142.79829658	0.07189829	544.31926487	
88.70000000	0.36764243	1142.82787558	0.07208675	544.33335346	
88.80000000	0.36850638	1143.11381258	0.07225615	544.46954636	
88.90000000	0.36944882	1143.19269158	0.07244095	544.50711673	
89.00000000	0.37050340	1142.97577458	0.07264773	544.40379833	
89.10000000	0.37143089	1143.09409258	0.07282959	544.46015365	
89.20000000	0.37252659	1142.76871658	0.07304443	544.30517580	
89.30000000	0.37351014	1142.73913658	0.07323728	544.29108673	
89.40000000	0.37443390	1142.86731558	0.07341841	544.35213888	
89.50000000	0.37552585	1142.55179958	0.07363252	544.20185739	
89.60000000	0.37650194	1142.54193958	0.07382391	544.19716103	
89.70000000	0.37749297	1142.49263958	0.07401823	544.17367925	
89.80000000	0.37851391	1142.36446158	0.07421841	544.11262757	
89.90000000	0.37943019	1142.51235958	0.07439808	544.18307196	
90.00000000	0.38037637	1142.58137858	0.07458360	544.21594598	
90.10000000	0.38151691	1142.13768458	0.07480724	544.00461281	
90.20000000	0.38249300	1142.12782458	0.07499863	543.99991645	
90.30000000	0.38348403	1142.07852458	0.07519295	543.97643467	
90.40000000	0.38452740	1141.89118658	0.07539753	543.88720485	
90.50000000	0.38551469	1141.85174758	0.07559112	543.86841990	
90.60000000	0.38649825	1141.82216758	0.07578397	543.85433083	
90.70000000	0.38756404	1141.57567058	0.07599295	543.73692336	
90.80000000	0.38870833	1141.12211658	0.07621732	543.52089382	
90.90000000	0.38970310	1141.06295658	0.07641237	543.49271569	
91.00000000	0.39083991	1140.62912158	0.07663528	543.28607839	
91.10000000	0.39194682	1140.27416658	0.07685232	543.11701195	
91.20000000	0.39285562	1140.44178458	0.07703051	543.19684905	
91.30000000	0.39383170	1140.43192458	0.07722190	543.19215270	
91.40000000	0.39477415	1140.51080358	0.07740670	543.22972307	
91.50000000	0.39571659	1140.58968258	0.07759149	543.26729344	
91.60000000	0.39685340	1140.15584758	0.07781439	543.06065615	
91.70000000	0.39789302	1139.97836958	0.07801824	542.97612269	
91.80000000	0.39891022	1139.86005158	0.07821769	542.91976737	
91.90000000	0.39998349	1139.59383458	0.07842814	542.79296718	
92.00000000	0.40091846	1139.69243258	0.07861146	542.83992979	
92.10000000	0.40191323	1139.63327358	0.07880652	542.81175212	
92.20000000	0.40294912	1139.46565558	0.07900963	542.73191502	
92.30000000	0.40401491	1139.21915858	0.07921861	542.61450754	
92.40000000	0.40498352	1139.22901858	0.07940853	542.61920390	
92.50000000	0.40604931	1138.98252158	0.07961751	542.50179642	
92.60000000	0.40709267	1138.79518358	0.07982209	542.41256660	
92.70000000	0.40800147	1138.96280158	0.08000029	542.49240371	
92.80000000	0.40901120	1138.86420258	0.08019827	542.44544062	
92.90000000	0.41000971	1138.79518358	0.08039406	542.41256660	
93.00000000	0.41106802	1138.56840658	0.08060157	542.30455184	
93.10000000	0.41218988	1138.17401058	0.08082155	542.11669949	
93.20000000	0.41329305	1137.82891558	0.08103785	541.95232940	
93.30000000	0.41428782	1137.76975558	0.08123291	541.92415127	
93.40000000	0.41527886	1137.72045658	0.08142723	541.90066996	
93.50000000	0.41631101	1137.56269858	0.08162961	541.82552921	
93.60000000	0.41737680	1137.31620158	0.08183859	541.70812174	
93.70000000	0.41842390	1137.11900358	0.08204390	541.61419556	
93.80000000	0.41939625	1137.11900358	0.08223456	541.61419556	
93.90000000	0.42034617	1137.17816258	0.08242082	541.64237322	
94.00000000	0.42126618	1137.31620158	0.08260121	541.70812174	
94.10000000	0.42224600	1137.29648158	0.08279333	541.69872902	
94.20000000	0.42337160	1136.89222658	0.08301404	541.50618080	
94.30000000	0.42450093	1136.47811158	0.08323548	541.30893622	
94.40000000	0.42560036	1136.14287558	0.08345105	541.14926201	
94.50000000	0.42665120	1135.93581758	0.08365710	541.05063948	
94.60000000	0.42763476	1135.90623758	0.08384995	541.03655041	
94.70000000	0.42864449	1135.80763858	0.08404794	540.98958732	
94.80000000	0.42964673	1135.72875958	0.08424446	540.95201695	
94.90000000	0.43075364	1135.37380458	0.08446150	540.78295050	
95.00000000	0.43183812	1135.07800758	0.08467414	540.64206125	
95.10000000	0.43289270	1134.86109058	0.08488092	540.53874284	
95.20000000	0.43404072	1134.39767558	0.08510602	540.31801647	
95.30000000	0.43517379	1133.97370058	0.08532819	540.11607553	
95.40000000	0.43629565	1133.57930558	0.08554817	539.92822367	
95.50000000	0.43735397	1133.35252858	0.08575568	539.82020890	
95.60000000	0.43839359	1133.17505058	0.08595953	539.73567544	
95.70000000	0.43946312	1132.91869358	0.08616924	539.61357160	
95.80000000	0.44052518	1132.68205558	0.08637749	539.50086001	
95.90000000	0.44154611	1132.55387758	0.08657767	539.43980833	
96.00000000	0.44266423	1132.16934258	0.08679691	539.25665281	
96.10000000	0.44375245	1131.86368558	0.08701028	539.11106720	
96.20000000	0.44489300	1131.41999058	0.08723392	538.89973355	
96.30000000	0.44611578	1130.75937858	0.08747368	538.58508149	
96.40000000	0.44713672	1130.63120058	0.08767387	538.52402981	
96.50000000	0.44827726	1130.18750558	0.08789750	538.31269616	
96.60000000	0.44934679	1129.93114858	0.08810721	538.19059232	
96.70000000	0.45049108	1129.47759358	0.08833158	537.97456232	
96.80000000	0.45186711	1128.41272658	0.08860139	537.46736203	
96.90000000	0.45312353	1127.66337558	0.08884775	537.11044324	
97.00000000	0.45440611	1126.84500458	0.08909924	536.72064996	
97.10000000	0.45565879	1126.10551358	0.08934486	536.36842752	
97.20000000	0.45688905	1125.42518158	0.08958609	536.04438275	
97.30000000	0.45822396	1124.46877358	0.08984784	535.58884191	
97.40000000	0.45956635	1123.49264458	0.09011105	535.12390788	
97.50000000	0.46093491	1122.44749658	0.09037939	534.62609983	
97.60000000	0.46240812	1121.12627258	0.09066826	533.99679571	
97.70000000	0.46391871	1119.70644958	0.09096445	533.32052850	
97.80000000	0.46563862	1117.73447258	0.09130169	532.38126820	
97.90000000	0.46760149	1115.12160358	0.09168657	531.13674855	
98.00000000	0.46966528	1112.24251758	0.09209123	529.76542871	
98.10000000	0.47191970	1108.86057758	0.09253327	528.15459756	
98.20000000	0.47436101	1104.98564358	0.09301196	526.30895146	
98.30000000	0.47694810	1100.72617358	0.09351923	524.28014936	
98.40000000	0.47991270	1095.47085558	0.09410053	521.77702100	
98.50000000	0.48355012	1088.44075758	0.09481375	518.42855803	
98.60000000	0.48833131	1078.39353558	0.09575124	513.64302719	
