Alloy elements = Zr, Ti, Nb	
Alloy composition = 35,40,25	
Theoretical elastic modulus (GPa) = 1.020740e+02	
----------	
Length (mm) = 5.1	
Width (mm) = 2.21	
Thickness (mm) = 0.95	
----------	
Time (s)	Displacement (mm)	Force (N)	Eng. strain	Eng. stress (MPa)	
0.00000000	0.00000000	0.00000000	0.00000000	0.00000000	
0.10000000	0.00184792	77.65047855	0.00036234	36.98522436	
0.20000000	0.00189523	79.63830399	0.00037161	37.93203334	
0.30000000	0.00194253	81.62612943	0.00038089	38.87884231	
0.40000000	0.00198984	83.61395487	0.00039016	39.82565128	
0.50000000	0.00203715	85.60178031	0.00039944	40.77246026	
0.60000000	0.00208445	87.58960575	0.00040872	41.71926923	
0.70000000	0.00213176	89.57743119	0.00041799	42.66607820	
0.80000000	0.00217906	91.56525663	0.00042727	43.61288718	
0.90000000	0.00222637	93.55308207	0.00043654	44.55969615	
1.00000000	0.00227368	95.54090750	0.00044582	45.50650512	
1.10000000	0.00232098	97.52873294	0.00045509	46.45331410	
1.20000000	0.00236829	99.51655838	0.00046437	47.40012307	
1.30000000	0.00241559	101.50438382	0.00047365	48.34693204	
1.40000000	0.00246290	103.49220926	0.00048292	49.29374101	
1.50000000	0.00251021	105.48003470	0.00049220	50.24054999	
1.60000000	0.00255751	107.46786014	0.00050147	51.18735896	
1.70000000	0.00260482	109.45568558	0.00051075	52.13416793	
1.80000000	0.00265212	111.44351102	0.00052002	53.08097691	
1.90000000	0.00269943	113.43133645	0.00052930	54.02778588	
2.00000000	0.00274674	115.41916189	0.00053858	54.97459485	
2.10000000	0.00279404	117.40698733	0.00054785	55.92140383	
2.20000000	0.00284135	119.39481277	0.00055713	56.86821280	
2.30000000	0.00288866	121.38263821	0.00056640	57.81502177	
2.40000000	0.00293596	123.37046365	0.00057568	58.76183075	
2.50000000	0.00298327	125.35828909	0.00058495	59.70863972	
2.60000000	0.00303057	127.34611453	0.00059423	60.65544869	
2.70000000	0.00307788	129.33393997	0.00060351	61.60225766	
2.80000000	0.00312519	131.32176541	0.00061278	62.54906664	
2.90000000	0.00317249	133.30959084	0.00062206	63.49587561	
3.00000000	0.00321980	135.29741628	0.00063133	64.44268458	
3.10000000	0.00326710	137.28524172	0.00064061	65.38949356	
3.20000000	0.00331441	139.27306716	0.00064988	66.33630253	
3.30000000	0.00336172	141.26089260	0.00065916	67.28311150	
3.40000000	0.00340902	143.24871804	0.00066844	68.22992048	
3.50000000	0.00345633	145.23654348	0.00067771	69.17672945	
3.60000000	0.00350364	147.22436892	0.00068699	70.12353842	
3.70000000	0.00355094	149.21219436	0.00069626	71.07034740	
3.80000000	0.00359825	151.20001979	0.00070554	72.01715637	
3.90000000	0.00364555	153.18784523	0.00071481	72.96396534	
4.00000000	0.00369286	155.17567067	0.00072409	73.91077431	
4.10000000	0.00374017	157.16349611	0.00073337	74.85758329	
4.20000000	0.00378747	159.15132155	0.00074264	75.80439226	
4.30000000	0.00383478	161.13914699	0.00075192	76.75120123	
4.40000000	0.00388208	163.12697243	0.00076119	77.69801021	
4.50000000	0.00392939	165.11479787	0.00077047	78.64481918	
4.60000000	0.00397670	167.10262331	0.00077974	79.59162815	
4.70000000	0.00402400	169.09044875	0.00078902	80.53843713	
4.80000000	0.00407131	171.07827418	0.00079830	81.48524610	
4.90000000	0.00411861	173.06609962	0.00080757	82.43205507	
5.00000000	0.00416592	175.05392506	0.00081685	83.37886404	
5.10000000	0.00421323	177.04175050	0.00082612	84.32567302	
5.20000000	0.00426053	179.02957594	0.00083540	85.27248199	
5.30000000	0.00430784	181.01740138	0.00084467	86.21929096	
5.40000000	0.00435515	183.00522682	0.00085395	87.16609994	
5.50000000	0.00440245	184.99305226	0.00086323	88.11290891	
5.60000000	0.00444976	186.98087770	0.00087250	89.05971788	
5.70000000	0.00449706	188.96870313	0.00088178	90.00652686	
5.80000000	0.00454437	190.95652857	0.00089105	90.95333583	
5.90000000	0.00459168	192.94435401	0.00090033	91.90014480	
6.00000000	0.00463898	194.93217945	0.00090960	92.84695378	
6.10000000	0.00468629	196.92000489	0.00091888	93.79376275	
6.20000000	0.00473359	198.90783033	0.00092816	94.74057172	
6.30000000	0.00478090	200.89565577	0.00093743	95.68738069	
6.40000000	0.00482821	202.88348121	0.00094671	96.63418967	
6.50000000	0.00487551	204.87130665	0.00095598	97.58099864	
6.60000000	0.00492282	206.85913209	0.00096526	98.52780761	
6.70000000	0.00497013	208.84695752	0.00097453	99.47461659	
6.80000000	0.00501743	210.83478296	0.00098381	100.42142556	
6.90000000	0.00506474	212.82260840	0.00099309	101.36823453	
7.00000000	0.00511204	214.81043384	0.00100236	102.31504351	
7.10000000	0.00515935	216.79825928	0.00101164	103.26185248	
7.20000000	0.00520666	218.78608472	0.00102091	104.20866145	
7.30000000	0.00525396	220.77391016	0.00103019	105.15547043	
7.40000000	0.00530127	222.76173560	0.00103946	106.10227940	
7.50000000	0.00534857	224.74956104	0.00104874	107.04908837	
7.60000000	0.00539588	226.73738647	0.00105802	107.99589734	
7.70000000	0.00544319	228.72521191	0.00106729	108.94270632	
7.80000000	0.00549049	230.71303735	0.00107657	109.88951529	
7.90000000	0.00553780	232.70086279	0.00108584	110.83632426	
8.00000000	0.00558511	234.68868823	0.00109512	111.78313324	
8.10000000	0.00563241	236.67651367	0.00110439	112.72994221	
8.20000000	0.00567972	238.66433911	0.00111367	113.67675118	
8.30000000	0.00572702	240.65216455	0.00112295	114.62356016	
8.40000000	0.00577433	242.63998999	0.00113222	115.57036913	
8.50000000	0.00582164	244.62781543	0.00114150	116.51717810	
8.60000000	0.00586894	246.61564086	0.00115077	117.46398708	
8.70000000	0.00591625	248.60346630	0.00116005	118.41079605	
8.80000000	0.00596355	250.59129174	0.00116932	119.35760502	
8.90000000	0.00601086	252.57911718	0.00117860	120.30441399	
9.00000000	0.00605817	254.56694262	0.00118788	121.25122297	
9.10000000	0.00610547	256.55476806	0.00119715	122.19803194	
9.20000000	0.00615278	258.54259350	0.00120643	123.14484091	
9.30000000	0.00620008	260.53041894	0.00121570	124.09164989	
9.40000000	0.00624739	262.51824438	0.00122498	125.03845886	
9.50000000	0.00629470	264.50606981	0.00123425	125.98526783	
9.60000000	0.00634200	266.49389525	0.00124353	126.93207681	
9.70000000	0.00638931	268.48172069	0.00125281	127.87888578	
9.80000000	0.00643662	270.46954613	0.00126208	128.82569475	
9.90000000	0.00648392	272.45737157	0.00127136	129.77250373	
10.00000000	0.00653123	274.44519701	0.00128063	130.71931270	
10.10000000	0.00657853	276.43302245	0.00128991	131.66612167	
10.20000000	0.00662584	278.42084789	0.00129918	132.61293064	
10.30000000	0.00667315	280.40867333	0.00130846	133.55973962	
10.40000000	0.00672045	282.39649877	0.00131774	134.50654859	
10.50000000	0.00676776	284.38432420	0.00132701	135.45335756	
10.60000000	0.00681506	286.37214964	0.00133629	136.40016654	
10.70000000	0.00686237	288.35997508	0.00134556	137.34697551	
10.80000000	0.00690968	290.34780052	0.00135484	138.29378448	
10.90000000	0.00695698	292.33562596	0.00136411	139.24059346	
11.00000000	0.00700429	294.32345140	0.00137339	140.18740243	
11.10000000	0.00705160	296.31127684	0.00138267	141.13421140	
11.20000000	0.00709890	298.29910228	0.00139194	142.08102037	
11.30000000	0.00714621	300.28692772	0.00140122	143.02782935	
11.40000000	0.00719351	302.27475315	0.00141049	143.97463832	
11.50000000	0.00724082	304.26257859	0.00141977	144.92144729	
11.60000000	0.00728813	306.25040403	0.00142904	145.86825627	
11.70000000	0.00733543	308.23822947	0.00143832	146.81506524	
11.80000000	0.00738274	310.22605491	0.00144760	147.76187421	
11.90000000	0.00743004	312.21388035	0.00145687	148.70868319	
12.00000000	0.00747735	314.20170579	0.00146615	149.65549216	
12.10000000	0.00752466	316.18953123	0.00147542	150.60230113	
12.20000000	0.00757196	318.17735667	0.00148470	151.54911011	
12.30000000	0.00761927	320.16518211	0.00149397	152.49591908	
12.40000000	0.00766657	322.15300754	0.00150325	153.44272805	
12.50000000	0.00771388	324.14083298	0.00151253	154.38953702	
12.60000000	0.00776119	326.12865842	0.00152180	155.33634600	
12.70000000	0.00780849	328.11648386	0.00153108	156.28315497	
12.80000000	0.00785580	330.10430930	0.00154035	157.22996394	
12.90000000	0.00790311	332.09213474	0.00154963	158.17677292	
13.00000000	0.00795041	334.07996018	0.00155890	159.12358189	
13.10000000	0.00799772	336.06778562	0.00156818	160.07039086	
13.20000000	0.00804502	338.05561106	0.00157746	161.01719984	
13.30000000	0.00809233	340.04343650	0.00158673	161.96400881	
13.40000000	0.00813964	342.03126193	0.00159601	162.91081778	
13.50000000	0.00818694	344.01908737	0.00160528	163.85762676	
13.60000000	0.00823425	346.00691281	0.00161456	164.80443573	
13.70000000	0.00828155	347.99473825	0.00162383	165.75124470	
13.80000000	0.00832886	349.98256369	0.00163311	166.69805367	
13.90000000	0.00837617	351.97038913	0.00164239	167.64486265	
14.00000000	0.00842347	353.95821457	0.00165166	168.59167162	
14.10000000	0.00847078	355.94604001	0.00166094	169.53848059	
14.20000000	0.00851809	357.93386545	0.00167021	170.48528957	
14.30000000	0.00856539	359.92169088	0.00167949	171.43209854	
14.40000000	0.00861270	361.90951632	0.00168876	172.37890751	
14.50000000	0.00866000	363.89734176	0.00169804	173.32571649	
14.60000000	0.00870731	365.88516720	0.00170732	174.27252546	
14.70000000	0.00875462	367.87299264	0.00171659	175.21933443	
14.80000000	0.00880192	369.86081808	0.00172587	176.16614341	
14.90000000	0.00884923	371.84864352	0.00173514	177.11295238	
15.00000000	0.00889653	373.83646896	0.00174442	178.05976135	
15.10000000	0.00894384	375.82429440	0.00175369	179.00657032	
15.20000000	0.00899115	377.81211984	0.00176297	179.95337930	
15.30000000	0.00903845	379.79994527	0.00177225	180.90018827	
15.40000000	0.00908576	381.78777071	0.00178152	181.84699724	
15.50000000	0.00913306	383.77559615	0.00179080	182.79380622	
15.60000000	0.00918037	385.76342159	0.00180007	183.74061519	
15.70000000	0.00922768	387.75124703	0.00180935	184.68742416	
15.80000000	0.00927498	389.73907247	0.00181862	185.63423314	
15.90000000	0.00932229	391.72689791	0.00182790	186.58104211	
16.00000000	0.00936960	393.71472335	0.00183718	187.52785108	
16.10000000	0.00941690	395.70254879	0.00184645	188.47466006	
16.20000000	0.00946421	397.69037422	0.00185573	189.42146903	
16.30000000	0.00951151	399.67819966	0.00186500	190.36827800	
16.40000000	0.00955882	401.66602510	0.00187428	191.31508697	
16.50000000	0.00960613	403.65385054	0.00188355	192.26189595	
16.60000000	0.00965343	405.64167598	0.00189283	193.20870492	
16.70000000	0.00970074	407.62950142	0.00190211	194.15551389	
16.80000000	0.00974804	409.61732686	0.00191138	195.10232287	
16.90000000	0.00979535	411.60515230	0.00192066	196.04913184	
17.00000000	0.00984266	413.59297774	0.00192993	196.99594081	
17.10000000	0.00988996	415.58080318	0.00193921	197.94274979	
17.20000000	0.00993727	417.56862861	0.00194848	198.88955876	
17.30000000	0.00998458	419.55645405	0.00195776	199.83636773	
17.40000000	0.01003188	421.54427949	0.00196704	200.78317670	
17.50000000	0.01007919	423.53210493	0.00197631	201.72998568	
17.60000000	0.01012649	425.51993037	0.00198559	202.67679465	
17.70000000	0.01017380	427.50775581	0.00199486	203.62360362	
17.80000000	0.01022111	429.49558125	0.00200414	204.57041260	
17.90000000	0.01026841	431.48340669	0.00201341	205.51722157	
18.00000000	0.01031572	433.47123213	0.00202269	206.46403054	
18.10000000	0.01036302	435.45905756	0.00203197	207.41083952	
18.20000000	0.01041033	437.44688300	0.00204124	208.35764849	
18.30000000	0.01045764	439.43470844	0.00205052	209.30445746	
18.40000000	0.01050494	441.42253388	0.00205979	210.25126644	
18.50000000	0.01055225	443.41035932	0.00206907	211.19807541	
18.60000000	0.01059955	445.39818476	0.00207834	212.14488438	
18.70000000	0.01064686	447.38601020	0.00208762	213.09169335	
18.80000000	0.01069417	449.37383564	0.00209690	214.03850233	
18.90000000	0.01074147	451.36166108	0.00210617	214.98531130	
19.00000000	0.01078878	453.34948652	0.00211545	215.93212027	
19.10000000	0.01083609	455.33731195	0.00212472	216.87892925	
19.20000000	0.01088339	457.32513739	0.00213400	217.82573822	
19.30000000	0.01093070	459.31296283	0.00214327	218.77254719	
19.40000000	0.01097800	461.30078827	0.00215255	219.71935617	
19.50000000	0.01102531	463.28861371	0.00216183	220.66616514	
19.60000000	0.01107262	465.27643915	0.00217110	221.61297411	
19.70000000	0.01111992	467.26426459	0.00218038	222.55978309	
19.80000000	0.01116723	469.25209003	0.00218965	223.50659206	
19.90000000	0.01121453	471.23991547	0.00219893	224.45340103	
20.00000000	0.01126184	473.22774090	0.00220820	225.40021000	
20.10000000	0.01130915	475.21556634	0.00221748	226.34701898	
20.20000000	0.01135645	477.20339178	0.00222676	227.29382795	
20.30000000	0.01140376	479.19121722	0.00223603	228.24063692	
20.40000000	0.01145107	481.17904266	0.00224531	229.18744590	
20.50000000	0.01149837	483.16686810	0.00225458	230.13425487	
20.60000000	0.01154568	485.15469354	0.00226386	231.08106384	
20.70000000	0.01159298	487.14251898	0.00227313	232.02787282	
20.80000000	0.01164029	489.13034442	0.00228241	232.97468179	
20.90000000	0.01168760	491.11816986	0.00229169	233.92149076	
21.00000000	0.01173490	493.10599529	0.00230096	234.86829974	
21.10000000	0.01178221	495.09382073	0.00231024	235.81510871	
21.20000000	0.01182951	497.08164617	0.00231951	236.76191768	
21.30000000	0.01187682	499.06947161	0.00232879	237.70872665	
21.40000000	0.01192413	501.05729705	0.00233806	238.65553563	
21.50000000	0.01197143	503.04512249	0.00234734	239.60234460	
21.60000000	0.01201874	505.03294793	0.00235662	240.54915357	
21.70000000	0.01206605	507.02077337	0.00236589	241.49596255	
21.80000000	0.01211335	509.00859881	0.00237517	242.44277152	
21.90000000	0.01216066	510.99642424	0.00238444	243.38958049	
22.00000000	0.01220796	512.98424968	0.00239372	244.33638947	
22.10000000	0.01225527	514.97207512	0.00240299	245.28319844	
22.20000000	0.01230258	516.95990056	0.00241227	246.23000741	
22.30000000	0.01234988	518.94772600	0.00242155	247.17681639	
22.40000000	0.01239719	520.93555144	0.00243082	248.12362536	
22.50000000	0.01244449	522.92337688	0.00244010	249.07043433	
22.60000000	0.01249180	524.91120232	0.00244937	250.01724330	
22.70000000	0.01253911	526.89902776	0.00245865	250.96405228	
22.80000000	0.01258641	528.88685320	0.00246792	251.91086125	
22.90000000	0.01263372	530.87467863	0.00247720	252.85767022	
23.00000000	0.01268102	532.86250407	0.00248648	253.80447920	
23.10000000	0.01272833	534.85032951	0.00249575	254.75128817	
23.20000000	0.01277564	536.83815495	0.00250503	255.69809714	
23.30000000	0.01282294	538.82598039	0.00251430	256.64490612	
23.40000000	0.01287025	540.81380583	0.00252358	257.59171509	
23.50000000	0.01291756	542.80163127	0.00253285	258.53852406	
23.60000000	0.01296486	544.78945671	0.00254213	259.48533303	
23.70000000	0.01301217	546.77728215	0.00255141	260.43214201	
23.80000000	0.01305947	548.76510758	0.00256068	261.37895098	
23.90000000	0.01310678	550.75293302	0.00256996	262.32575995	
24.00000000	0.01315409	552.74075846	0.00257923	263.27256893	
24.10000000	0.01320139	554.72858390	0.00258851	264.21937790	
24.20000000	0.01324870	556.71640934	0.00259778	265.16618687	
24.30000000	0.01329600	558.70423478	0.00260706	266.11299585	
24.40000000	0.01334331	560.69206022	0.00261634	267.05980482	
24.50000000	0.01339062	562.67988566	0.00262561	268.00661379	
24.60000000	0.01343792	564.66771110	0.00263489	268.95342277	
24.70000000	0.01348523	566.65553654	0.00264416	269.90023174	
24.80000000	0.01353254	568.64336197	0.00265344	270.84704071	
24.90000000	0.01357984	570.63118741	0.00266271	271.79384968	
25.00000000	0.01362715	572.61901285	0.00267199	272.74065866	
25.10000000	0.01367445	574.60683829	0.00268127	273.68746763	
25.20000000	0.01372176	576.59466373	0.00269054	274.63427660	
25.30000000	0.01376907	578.58248917	0.00269982	275.58108558	
25.40000000	0.01381637	580.57031461	0.00270909	276.52789455	
25.50000000	0.01386368	582.55814005	0.00271837	277.47470352	
25.60000000	0.01391098	584.54596549	0.00272764	278.42151250	
25.70000000	0.01395829	586.53379092	0.00273692	279.36832147	
25.80000000	0.01400560	588.52161636	0.00274620	280.31513044	
25.90000000	0.01405290	590.50944180	0.00275547	281.26193942	
26.00000000	0.01410021	592.49726724	0.00276475	282.20874839	
26.10000000	0.01414751	594.48509268	0.00277402	283.15555736	
26.20000000	0.01419482	596.47291812	0.00278330	284.10236633	
26.30000000	0.01424213	598.46074356	0.00279257	285.04917531	
26.40000000	0.01428943	600.44856900	0.00280185	285.99598428	
26.50000000	0.01433674	602.43639444	0.00281113	286.94279325	
26.60000000	0.01438405	604.42421988	0.00282040	287.88960223	
26.70000000	0.01443135	606.41204531	0.00282968	288.83641120	
26.80000000	0.01447866	608.39987075	0.00283895	289.78322017	
26.90000000	0.01452596	610.38769619	0.00284823	290.73002915	
27.00000000	0.01457327	612.37552163	0.00285750	291.67683812	
27.10000000	0.01462058	614.36334707	0.00286678	292.62364709	
27.20000000	0.01466788	616.35117251	0.00287606	293.57045607	
27.30000000	0.01471519	618.33899795	0.00288533	294.51726504	
27.40000000	0.01476249	620.32682339	0.00289461	295.46407401	
27.50000000	0.01480980	622.31464883	0.00290388	296.41088298	
27.60000000	0.01485711	624.30247426	0.00291316	297.35769196	
27.70000000	0.01490441	626.29029970	0.00292243	298.30450093	
27.80000000	0.01495172	628.27812514	0.00293171	299.25130990	
27.90000000	0.01499903	630.26595058	0.00294099	300.19811888	
28.00000000	0.01504633	632.25377602	0.00295026	301.14492785	
28.10000000	0.01509364	634.24160146	0.00295954	302.09173682	
28.20000000	0.01514094	636.22942690	0.00296881	303.03854580	
28.30000000	0.01518825	638.21725234	0.00297809	303.98535477	
28.40000000	0.01523556	640.20507778	0.00298736	304.93216374	
28.50000000	0.01528286	642.19290322	0.00299664	305.87897272	
28.60000000	0.01533017	644.18072865	0.00300592	306.82578169	
28.70000000	0.01537747	646.16855409	0.00301519	307.77259066	
28.80000000	0.01542478	648.15637953	0.00302447	308.71939963	
28.90000000	0.01547209	650.14420497	0.00303374	309.66620861	
29.00000000	0.01551939	652.13203041	0.00304302	310.61301758	
29.10000000	0.01556670	654.11985585	0.00305229	311.55982655	
29.20000000	0.01561400	656.10768129	0.00306157	312.50663553	
29.30000000	0.01566131	658.09550673	0.00307085	313.45344450	
29.40000000	0.01570862	660.08333217	0.00308012	314.40025347	
29.50000000	0.01575592	662.07115761	0.00308940	315.34706245	
29.60000000	0.01580323	664.05898304	0.00309867	316.29387142	
29.70000000	0.01585054	666.04680848	0.00310795	317.24068039	
29.80000000	0.01589784	668.03463392	0.00311722	318.18748937	
29.90000000	0.01594515	670.02245936	0.00312650	319.13429834	
30.00000000	0.01599245	672.01028480	0.00313578	320.08110731	
30.10000000	0.01603976	673.99811024	0.00314505	321.02791628	
30.20000000	0.01608707	675.98593568	0.00315433	321.97472526	
30.30000000	0.01613437	677.97376112	0.00316360	322.92153423	
30.40000000	0.01618168	679.96158656	0.00317288	323.86834320	
30.50000000	0.01622898	681.94941199	0.00318215	324.81515218	
30.60000000	0.01627629	683.93723743	0.00319143	325.76196115	
30.70000000	0.01632360	685.92506287	0.00320071	326.70877012	
30.80000000	0.01637090	687.91288831	0.00320998	327.65557910	
30.90000000	0.01641821	689.90071375	0.00321926	328.60238807	
31.00000000	0.01646552	691.88853919	0.00322853	329.54919704	
31.10000000	0.01651282	693.87636463	0.00323781	330.49600601	
31.20000000	0.01656013	695.86419007	0.00324708	331.44281499	
31.30000000	0.01660743	697.85201551	0.00325636	332.38962396	
31.40000000	0.01665474	699.83984095	0.00326564	333.33643293	
31.50000000	0.01670205	701.82766638	0.00327491	334.28324191	
31.60000000	0.01674935	703.81549182	0.00328419	335.23005088	
31.70000000	0.01679666	705.80331726	0.00329346	336.17685985	
31.80000000	0.01684396	707.79114270	0.00330274	337.12366883	
31.90000000	0.01689127	709.77896814	0.00331201	338.07047780	
32.00000000	0.01693858	711.76679358	0.00332129	339.01728677	
32.10000000	0.01698588	713.75461902	0.00333057	339.96409575	
32.20000000	0.01703319	715.74244446	0.00333984	340.91090472	
32.30000000	0.01708049	717.73026990	0.00334912	341.85771369	
32.40000000	0.01712780	719.71809533	0.00335839	342.80452266	
32.50000000	0.01717511	721.70592077	0.00336767	343.75133164	
32.60000000	0.01722241	723.69374621	0.00337694	344.69814061	
32.70000000	0.01726972	725.68157165	0.00338622	345.64494958	
32.80000000	0.01731703	727.66939709	0.00339550	346.59175856	
32.90000000	0.01736433	729.65722253	0.00340477	347.53856753	
33.00000000	0.01741164	731.64504797	0.00341405	348.48537650	
33.10000000	0.01745894	733.63287341	0.00342332	349.43218548	
33.20000000	0.01750625	735.62069885	0.00343260	350.37899445	
33.30000000	0.01755356	737.60852429	0.00344187	351.32580342	
33.40000000	0.01760086	739.59634972	0.00345115	352.27261240	
33.50000000	0.01764817	741.58417516	0.00346043	353.21942137	
33.60000000	0.01769547	743.57200060	0.00346970	354.16623034	
33.70000000	0.01774278	745.55982604	0.00347898	355.11303931	
33.80000000	0.01779009	747.54765148	0.00348825	356.05984829	
33.90000000	0.01783739	749.53547692	0.00349753	357.00665726	
34.00000000	0.01788470	751.52330236	0.00350680	357.95346623	
34.10000000	0.01793201	753.51112780	0.00351608	358.90027521	
34.20000000	0.01797931	755.49895324	0.00352536	359.84708418	
34.30000000	0.01802662	757.48677867	0.00353463	360.79389315	
34.40000000	0.01807392	759.47460411	0.00354391	361.74070213	
34.50000000	0.01812123	761.46242955	0.00355318	362.68751110	
34.60000000	0.01816854	763.45025499	0.00356246	363.63432007	
34.70000000	0.01821584	765.43808043	0.00357173	364.58112905	
34.80000000	0.01826315	767.42590587	0.00358101	365.52793802	
34.90000000	0.01831045	769.41373131	0.00359029	366.47474699	
35.00000000	0.01835776	771.40155675	0.00359956	367.42155596	
35.10000000	0.01840507	773.38938219	0.00360884	368.36836494	
35.20000000	0.01845237	775.37720763	0.00361811	369.31517391	
35.30000000	0.01849968	777.36503306	0.00362739	370.26198288	
35.40000000	0.01854698	779.35285850	0.00363666	371.20879186	
35.50000000	0.01859429	781.34068394	0.00364594	372.15560083	
35.60000000	0.01864160	783.32850938	0.00365522	373.10240980	
35.70000000	0.01868890	785.31633482	0.00366449	374.04921878	
35.80000000	0.01873621	787.30416026	0.00367377	374.99602775	
35.90000000	0.01878352	789.29198570	0.00368304	375.94283672	
36.00000000	0.01883082	791.27981114	0.00369232	376.88964570	
36.10000000	0.01887813	793.26763658	0.00370159	377.83645467	
36.20000000	0.01892543	795.25546201	0.00371087	378.78326364	
36.30000000	0.01897274	797.24328745	0.00372015	379.73007261	
36.40000000	0.01902005	799.23111289	0.00372942	380.67688159	
36.50000000	0.01906735	801.21893833	0.00373870	381.62369056	
36.60000000	0.01911466	803.20676377	0.00374797	382.57049953	
36.70000000	0.01916196	805.19458921	0.00375725	383.51730851	
36.80000000	0.01920927	807.18241465	0.00376652	384.46411748	
36.90000000	0.01925658	809.17024009	0.00377580	385.41092645	
37.00000000	0.01930388	811.15806553	0.00378508	386.35773543	
37.10000000	0.01935119	813.14589097	0.00379435	387.30454440	
37.20000000	0.01939850	815.13371640	0.00380363	388.25135337	
37.30000000	0.01944580	817.12154184	0.00381290	389.19816234	
37.40000000	0.01949311	819.10936728	0.00382218	390.14497132	
37.50000000	0.01954041	821.09719272	0.00383145	391.09178029	
37.60000000	0.01958772	823.08501816	0.00384073	392.03858926	
37.70000000	0.01963503	825.07284360	0.00385001	392.98539824	
37.80000000	0.01968233	827.06066904	0.00385928	393.93220721	
37.90000000	0.01972964	829.04849448	0.00386856	394.87901618	
38.00000000	0.01977694	831.03631992	0.00387783	395.82582516	
38.10000000	0.01982425	833.02414535	0.00388711	396.77263413	
38.20000000	0.01987156	835.01197079	0.00389638	397.71944310	
38.30000000	0.01991886	836.99979623	0.00390566	398.66625208	
38.40000000	0.01996617	838.98762167	0.00391494	399.61306105	
38.50000000	0.02001348	840.97544711	0.00392421	400.55987002	
38.60000000	0.02006078	842.96327255	0.00393349	401.50667899	
38.70000000	0.02010809	844.95109799	0.00394276	402.45348797	
38.80000000	0.02015539	846.93892343	0.00395204	403.40029694	
38.90000000	0.02020270	848.92674887	0.00396131	404.34710591	
39.00000000	0.02025001	850.91457431	0.00397059	405.29391489	
39.10000000	0.02029731	852.90239974	0.00397987	406.24072386	
39.20000000	0.02034462	854.89022518	0.00398914	407.18753283	
39.30000000	0.02039192	856.87805062	0.00399842	408.13434181	
39.40000000	0.02043923	858.86587606	0.00400769	409.08115078	
39.50000000	0.02048654	860.85370150	0.00401697	410.02795975	
39.60000000	0.02053384	862.84152694	0.00402624	410.97476873	
39.70000000	0.02058115	864.82935238	0.00403552	411.92157770	
39.80000000	0.02062845	866.81717782	0.00404480	412.86838667	
39.90000000	0.02067576	868.80500326	0.00405407	413.81519564	
40.00000000	0.02072307	870.79282869	0.00406335	414.76200462	
40.10000000	0.02077037	872.78065413	0.00407262	415.70881359	
40.20000000	0.02081768	874.76847957	0.00408190	416.65562256	
40.30000000	0.02086499	876.75630501	0.00409117	417.60243154	
40.40000000	0.02091229	878.74413045	0.00410045	418.54924051	
40.50000000	0.02095960	880.73195589	0.00410973	419.49604948	
40.60000000	0.02100690	882.71978133	0.00411900	420.44285846	
40.70000000	0.02105421	884.70760677	0.00412828	421.38966743	
40.80000000	0.02110152	886.69543221	0.00413755	422.33647640	
40.90000000	0.02114882	888.68325765	0.00414683	423.28328538	
41.00000000	0.02119613	890.67108308	0.00415610	424.23009435	
41.10000000	0.02124343	892.65890852	0.00416538	425.17690332	
41.20000000	0.02129074	894.64673396	0.00417466	426.12371229	
41.30000000	0.02133805	896.63455940	0.00418393	427.07052127	
41.40000000	0.02138535	898.62238484	0.00419321	428.01733024	
41.50000000	0.02143266	900.61021028	0.00420248	428.96413921	
41.60000000	0.02147997	902.59803572	0.00421176	429.91094819	
41.70000000	0.02152727	904.58586116	0.00422103	430.85775716	
41.80000000	0.02157458	906.57368660	0.00423031	431.80456613	
41.90000000	0.02162188	908.56151203	0.00423959	432.75137511	
42.00000000	0.02166919	910.54933747	0.00424886	433.69818408	
42.10000000	0.02171650	912.53716291	0.00425814	434.64499305	
42.20000000	0.02176380	914.52498835	0.00426741	435.59180203	
42.30000000	0.02181111	916.51281379	0.00427669	436.53861100	
42.40000000	0.02185841	918.50063923	0.00428596	437.48541997	
42.50000000	0.02190572	920.48846467	0.00429524	438.43222894	
42.60000000	0.02195303	922.47629011	0.00430451	439.37903792	
42.70000000	0.02200033	924.46411555	0.00431379	440.32584689	
42.80000000	0.02204764	926.45194099	0.00432307	441.27265586	
42.90000000	0.02209494	928.43976642	0.00433234	442.21946484	
43.00000000	0.02214225	930.42759186	0.00434162	443.16627381	
43.10000000	0.02218956	932.41541730	0.00435089	444.11308278	
43.20000000	0.02223686	934.40324274	0.00436017	445.05989176	
43.30000000	0.02228417	936.39106818	0.00436944	446.00670073	
43.40000000	0.02233148	938.37889362	0.00437872	446.95350970	
43.50000000	0.02237878	940.36671906	0.00438800	447.90031867	
43.60000000	0.02242609	942.35454450	0.00439727	448.84712765	
43.70000000	0.02247339	944.34236994	0.00440655	449.79393662	
43.80000000	0.02252070	946.33019537	0.00441582	450.74074559	
43.90000000	0.02256801	948.31802081	0.00442510	451.68755457	
44.00000000	0.02261531	950.30584625	0.00443437	452.63436354	
44.10000000	0.02266262	952.29367169	0.00444365	453.58117251	
44.20000000	0.02270992	954.28149713	0.00445293	454.52798149	
44.30000000	0.02275723	956.26932257	0.00446220	455.47479046	
44.40000000	0.02280454	958.25714801	0.00447148	456.42159943	
44.50000000	0.02285184	960.24497345	0.00448075	457.36840841	
44.60000000	0.02289915	962.23279889	0.00449003	458.31521738	
44.70000000	0.02294646	964.22062433	0.00449930	459.26202635	
44.80000000	0.02299376	966.20844976	0.00450858	460.20883532	
44.90000000	0.02304107	968.19627520	0.00451786	461.15564430	
45.00000000	0.02308837	970.18410064	0.00452713	462.10245327	
45.10000000	0.02313568	972.17192608	0.00453641	463.04926224	
45.20000000	0.02318299	974.15975152	0.00454568	463.99607122	
45.30000000	0.02323029	976.14757696	0.00455496	464.94288019	
45.40000000	0.02327760	978.13540240	0.00456423	465.88968916	
45.50000000	0.02332490	980.12322784	0.00457351	466.83649814	
45.60000000	0.02337221	982.11105328	0.00458279	467.78330711	
45.70000000	0.02341952	984.09887871	0.00459206	468.73011608	
45.80000000	0.02346682	986.08670415	0.00460134	469.67692506	
45.90000000	0.02351413	988.07452959	0.00461061	470.62373403	
46.00000000	0.02356143	990.06235503	0.00461989	471.57054300	
46.10000000	0.02360874	992.05018047	0.00462916	472.51735197	
46.20000000	0.02365605	994.03800591	0.00463844	473.46416095	
46.30000000	0.02370335	996.02583135	0.00464772	474.41096992	
46.40000000	0.02375066	998.01365679	0.00465699	475.35777889	
46.50000000	0.02379797	1000.00148223	0.00466627	476.30458787	
46.60000000	0.02384527	1001.98930767	0.00467554	477.25139684	
46.70000000	0.02389258	1003.97713310	0.00468482	478.19820581	
46.80000000	0.02393988	1005.96495854	0.00469409	479.14501479	
46.90000000	0.02398719	1007.95278398	0.00470337	480.09182376	
47.00000000	0.02403450	1009.94060942	0.00471265	481.03863273	
47.10000000	0.02408180	1011.92843486	0.00472192	481.98544171	
47.20000000	0.02412911	1013.91626030	0.00473120	482.93225068	
47.30000000	0.02417641	1015.90408574	0.00474047	483.87905965	
47.40000000	0.02422372	1017.89191118	0.00474975	484.82586862	
47.50000000	0.02427103	1019.87973662	0.00475902	485.77267760	
47.60000000	0.02431833	1021.86756206	0.00476830	486.71948657	
47.70000000	0.02436564	1023.85538749	0.00477758	487.66629554	
47.80000000	0.02441295	1025.84321293	0.00478685	488.61310452	
47.90000000	0.02446025	1027.83103837	0.00479613	489.55991349	
48.00000000	0.02450756	1029.81886381	0.00480540	490.50672246	
48.10000000	0.02455486	1031.80668925	0.00481468	491.45353144	
48.20000000	0.02460217	1033.79451469	0.00482395	492.40034041	
48.30000000	0.02464948	1035.78234013	0.00483323	493.34714938	
48.40000000	0.02469678	1037.77016557	0.00484251	494.29395836	
48.50000000	0.02474409	1039.75799101	0.00485178	495.24076733	
48.60000000	0.02479139	1041.74581644	0.00486106	496.18757630	
48.70000000	0.02483870	1043.73364188	0.00487033	497.13438527	
48.80000000	0.02488601	1045.72146732	0.00487961	498.08119425	
48.90000000	0.02493331	1047.70929276	0.00488888	499.02800322	
49.00000000	0.02498062	1049.69711820	0.00489816	499.97481219	
49.10000000	0.02502792	1051.68494364	0.00490744	500.92162117	
49.20000000	0.02507523	1053.67276908	0.00491671	501.86843014	
49.30000000	0.02512254	1055.66059452	0.00492599	502.81523911	
49.40000000	0.02516984	1057.64841996	0.00493526	503.76204809	
49.50000000	0.02521715	1059.63624540	0.00494454	504.70885706	
49.60000000	0.02526446	1061.62407083	0.00495381	505.65566603	
49.70000000	0.02531176	1063.61189627	0.00496309	506.60247500	
49.80000000	0.02535907	1065.59972171	0.00497237	507.54928398	
49.90000000	0.02540637	1067.58754715	0.00498164	508.49609295	
50.00000000	0.02545368	1069.57537259	0.00499092	509.44290192	
50.10000000	0.02550099	1071.56319803	0.00500019	510.38971090	
50.20000000	0.02550099	1071.56319803	0.00500019	510.38971090	
50.30000000	0.02575232	1073.01260103	0.00504947	511.08006717	
50.40000000	0.02579069	1075.02401703	0.00505700	512.03811242	
50.50000000	0.02594114	1076.73963703	0.00508650	512.85526889	
50.60000000	0.02615885	1078.27777903	0.00512919	513.58789189	
50.70000000	0.02643260	1079.66802203	0.00518286	514.25007003	
50.80000000	0.02663536	1081.24560403	0.00522262	515.00147846	
50.90000000	0.02692405	1082.59640803	0.00527923	515.64487165	
51.00000000	0.02713055	1084.16412903	0.00531972	516.39158325	
51.10000000	0.02735947	1085.67269203	0.00536460	517.11011766	
51.20000000	0.02763322	1087.06293503	0.00541828	517.77229580	
51.30000000	0.02786213	1088.57149803	0.00546316	518.49083021	
51.40000000	0.02810973	1090.03076003	0.00551171	519.18588237	
51.50000000	0.02838348	1091.42100403	0.00556539	519.84806098	
51.60000000	0.02870954	1092.67320903	0.00562932	520.44449108	
51.70000000	0.02909911	1093.75779703	0.00570571	520.96108456	
51.80000000	0.02947000	1094.89168303	0.00577843	521.50115886	
51.90000000	0.02972881	1096.32136603	0.00582918	522.18212242	
52.00000000	0.03015574	1097.30735503	0.00591289	522.65175281	
52.10000000	0.03043696	1098.67787903	0.00596803	523.30453871	
52.20000000	0.03076676	1099.92022403	0.00603270	523.89627246	
52.30000000	0.03116381	1100.98509103	0.00611055	524.40347275	
52.40000000	0.03135162	1102.60211203	0.00614738	525.17366612	
52.50000000	0.03162911	1103.98249603	0.00620179	525.83114838	
52.60000000	0.03195143	1105.24456103	0.00626499	526.43227484	
52.70000000	0.03225881	1106.54606603	0.00632526	527.05218672	
52.80000000	0.03258113	1107.80813103	0.00638846	527.65331318	
52.90000000	0.03294828	1108.95187803	0.00646045	528.19808432	
53.00000000	0.03333412	1110.04632503	0.00653610	528.71937367	
53.10000000	0.03361161	1111.42670803	0.00659051	529.37685546	
53.20000000	0.03323798	1112.41269703	0.00651725	529.84648584	
53.30000000	0.03374703	1113.63532203	0.00661707	530.42882688	
53.40000000	0.03427103	1114.81850803	0.00671981	530.99238296	
53.50000000	0.03488096	1115.77491703	0.00683940	531.44792428	
53.60000000	0.03539748	1116.97782303	0.00694068	532.02087308	
53.70000000	0.03605225	1117.81591303	0.00706907	532.42005860	
53.80000000	0.03662855	1118.86106103	0.00718207	532.91786665	
53.90000000	0.03722354	1119.85690903	0.00729873	533.39219292	
54.00000000	0.03776248	1121.00065503	0.00740441	533.93696358	
54.10000000	0.03832384	1122.08524203	0.00751448	534.45355657	
54.20000000	0.03892629	1123.06137103	0.00763261	534.91849061	
54.30000000	0.03950633	1124.09665903	0.00774634	535.41160230	
54.40000000	0.04012747	1125.02348803	0.00786813	535.85305455	
54.50000000	0.04076356	1125.91087703	0.00799285	536.27572138	
54.60000000	0.04144821	1126.67008803	0.00812710	536.63733652	
54.70000000	0.04207308	1127.58705703	0.00824962	537.07409242	
54.80000000	0.04276521	1128.32654903	0.00838534	537.42631533	
54.90000000	0.04338635	1129.25337803	0.00850713	537.86776758	
55.00000000	0.04403364	1130.11118803	0.00863405	538.27634581	
55.10000000	0.04470709	1130.89997803	0.00876610	538.65204955	
55.20000000	0.04540669	1131.61975003	0.00890327	538.99487975	
55.30000000	0.04616607	1132.18176303	0.00905217	539.26256872	
55.40000000	0.04682830	1133.00013303	0.00918202	539.65236153	
55.50000000	0.04758395	1133.57200703	0.00933019	539.92474733	
55.60000000	0.04831344	1134.21289903	0.00947322	540.23000668	
55.70000000	0.04899062	1134.99183003	0.00960600	540.60101454	
55.80000000	0.04980978	1135.39608503	0.00976662	540.79356277	
55.90000000	0.05055421	1135.99753803	0.00991259	541.08003717	
56.00000000	0.05132107	1136.53983203	0.01006295	541.33833390	
56.10000000	0.05205056	1137.18072403	0.01020599	541.64359325	
56.20000000	0.05278752	1137.80189703	0.01035049	541.93946036	
56.30000000	0.05367019	1138.03853403	0.01052357	542.05217148	
56.40000000	0.05446693	1138.50194803	0.01067979	542.27289737	
56.50000000	0.05533093	1138.78788503	0.01084920	542.40909027	
56.60000000	0.05610525	1139.31045903	0.01100103	542.65799430	
56.70000000	0.05674134	1140.19784803	0.01112575	543.08066112	
56.80000000	0.05745215	1140.88804003	0.01126513	543.40940225	
56.90000000	0.05821152	1141.45005303	0.01141402	543.67709123	
57.00000000	0.05895970	1142.04164603	0.01156072	543.95886927	
57.10000000	0.05983490	1142.29800303	0.01173233	544.08097310	
57.20000000	0.06064285	1142.73183803	0.01189075	544.28761040	
57.30000000	0.06136860	1143.38259103	0.01203306	544.59756658	
57.40000000	0.06230359	1143.48118903	0.01221639	544.64452919	
57.50000000	0.06312648	1143.87558503	0.01237774	544.83238153	
57.60000000	0.06400916	1144.11222203	0.01255082	544.94509265	
57.70000000	0.06495535	1144.18124103	0.01273634	544.97796667	
57.80000000	0.06579319	1144.53619703	0.01290063	545.14703359	
57.90000000	0.06666092	1144.81227403	0.01307077	545.27853014	
58.00000000	0.06753612	1145.06863103	0.01324238	545.40063397	
58.10000000	0.06847858	1145.14751003	0.01342717	545.43820435	
58.20000000	0.06937246	1145.35456703	0.01360244	545.53682640	
58.30000000	0.07031118	1145.44330603	0.01378651	545.57909313	
58.40000000	0.07128726	1145.43344603	0.01397789	545.57439677	
58.50000000	0.07205785	1145.96588003	0.01412899	545.82799716	
58.60000000	0.07285459	1146.42929403	0.01428521	546.04872304	
58.70000000	0.07371485	1146.72509103	0.01445389	546.18961230	
58.80000000	0.07463489	1146.86312903	0.01463429	546.25536034	
58.90000000	0.07561471	1146.84341003	0.01482641	546.24596810	
59.00000000	0.07659079	1146.83355003	0.01501780	546.24127175	
59.10000000	0.07746973	1147.08004703	0.01519014	546.35867922	
59.20000000	0.07825526	1147.57304103	0.01534417	546.59349418	
59.30000000	0.07919024	1147.67164003	0.01552750	546.64045727	
59.40000000	0.08002061	1148.04631503	0.01569032	546.81891642	
59.50000000	0.08092571	1148.22379303	0.01586779	546.90344988	
59.60000000	0.08192794	1148.14491403	0.01606430	546.86587951	
59.70000000	0.08286666	1148.23365303	0.01624836	546.90814624	
59.80000000	0.08387263	1148.14491403	0.01644561	546.86587951	
59.90000000	0.08483377	1148.17449403	0.01663407	546.87996858	
60.00000000	0.08573886	1148.35197203	0.01681154	546.96450204	
60.10000000	0.08668879	1148.41113103	0.01699780	546.99267970	
60.20000000	0.08762004	1148.51959003	0.01718040	547.04433914	
60.30000000	0.08861854	1148.45057103	0.01737618	547.01146512	
60.40000000	0.08958714	1148.46043003	0.01756611	547.01616100	
60.50000000	0.09045861	1148.72664703	0.01773698	547.14296119	
60.60000000	0.09126283	1149.17034203	0.01789467	547.35429485	
60.70000000	0.09205210	1149.65347603	0.01804943	547.58441345	
60.80000000	0.09287499	1150.04787203	0.01821078	547.77226579	
60.90000000	0.09374272	1150.32394803	0.01838093	547.90376186	
61.00000000	0.09476737	1150.18591003	0.01858184	547.83801383	
61.10000000	0.09574346	1150.17605003	0.01877323	547.83331747	
61.20000000	0.09661119	1150.45212703	0.01894337	547.96481402	
61.30000000	0.09756485	1150.50142603	0.01913036	547.98829532	
61.40000000	0.09841390	1150.82680203	0.01929684	548.14327317	
61.50000000	0.09931899	1151.00428003	0.01947431	548.22780663	
61.60000000	0.10036606	1150.80708303	0.01967962	548.13388094	
61.70000000	0.10129357	1150.92540103	0.01986149	548.19023626	
61.80000000	0.10226592	1150.92540103	0.02005214	548.19023626	
61.90000000	0.10318969	1151.05358003	0.02023327	548.25128842	
62.00000000	0.10403874	1151.37895603	0.02039975	548.40626627	
62.10000000	0.10507460	1151.21133803	0.02060286	548.32642916	
62.20000000	0.10604321	1151.22119803	0.02079279	548.33112552	
62.30000000	0.10697072	1151.33951603	0.02097465	548.38748084	
62.40000000	0.10798790	1151.22119803	0.02117410	548.33112552	
62.50000000	0.10881827	1151.59587303	0.02133692	548.50958468	
62.60000000	0.10986534	1151.39867603	0.02154222	548.41565898	
62.70000000	0.11087131	1151.30993703	0.02173947	548.37339225	
62.80000000	0.11184740	1151.30007703	0.02193086	548.36869589	
62.90000000	0.11288699	1151.12259903	0.02213470	548.28416243	
63.00000000	0.11365758	1151.65503303	0.02228580	548.53776281	
63.10000000	0.11462246	1151.67475203	0.02247499	548.54715505	
63.20000000	0.11558359	1151.70433203	0.02266345	548.56124412	
63.30000000	0.11648121	1151.90153003	0.02283945	548.65517029	
63.40000000	0.11746103	1151.88181003	0.02303157	548.64577758	
63.50000000	0.11838854	1152.00012803	0.02321344	548.70213290	
63.60000000	0.11930484	1152.14802703	0.02339311	548.77257777	
63.70000000	0.12022114	1152.29592503	0.02357277	548.84302216	
63.80000000	0.12117854	1152.33536403	0.02376050	548.86180711	
63.90000000	0.12204628	1152.61144103	0.02393064	548.99330366	
64.00000000	0.12296258	1152.75933903	0.02411031	549.06374805	
64.10000000	0.12396481	1152.68046003	0.02430683	549.02617768	
64.20000000	0.12484749	1152.91709803	0.02447990	549.13888927	
64.30000000	0.12586467	1152.79877903	0.02467935	549.08253347	
64.40000000	0.12678471	1152.93681703	0.02485975	549.14828151	
64.50000000	0.12768606	1153.12415503	0.02503648	549.23751133	
64.60000000	0.12875929	1152.85793803	0.02524692	549.11071114	
64.70000000	0.12968306	1152.98611703	0.02542805	549.17176329	
64.80000000	0.13068156	1152.91709803	0.02562384	549.13888927	
64.90000000	0.13166138	1152.89737803	0.02581596	549.12949656	
65.00000000	0.13248054	1153.30163303	0.02597658	549.32204479	
65.10000000	0.13340805	1153.41995203	0.02615844	549.37840059	
65.20000000	0.13436171	1153.46925103	0.02634543	549.40188189	
65.30000000	0.13531538	1153.51855003	0.02653243	549.42536320	
65.40000000	0.13637366	1153.29177303	0.02673993	549.31734843	
65.50000000	0.13741325	1153.11429503	0.02694378	549.23281497	
65.60000000	0.13847527	1152.87765803	0.02715201	549.12010385	
65.70000000	0.13945135	1152.86779803	0.02734340	549.11540749	
65.80000000	0.14038633	1152.96639703	0.02752673	549.16237058	
65.90000000	0.14138483	1152.89737803	0.02772252	549.12949656	
66.00000000	0.14215168	1153.43967103	0.02787288	549.38779282	
66.10000000	0.14317260	1153.31149303	0.02807306	549.32674114	
66.20000000	0.14417857	1153.22275403	0.02827031	549.28447441	
66.30000000	0.14510608	1153.34107303	0.02845217	549.34083021	
66.40000000	0.14613074	1153.20303403	0.02865309	549.27508170	
66.50000000	0.14697231	1153.54813003	0.02881810	549.43945226	
66.60000000	0.14786993	1153.74532803	0.02899410	549.53337844	
66.70000000	0.14880865	1153.83406703	0.02917817	549.57564517	
66.80000000	0.14973243	1153.96224503	0.02935930	549.63669685	
66.90000000	0.15064873	1154.11014303	0.02953897	549.70714124	
67.00000000	0.15173690	1153.80448703	0.02975233	549.56155610	
67.10000000	0.15270924	1153.80448703	0.02994299	549.56155610	
67.20000000	0.15377126	1153.56785003	0.03015123	549.44884498	
67.30000000	0.15475108	1153.54813003	0.03034335	549.43945226	
67.40000000	0.15563749	1153.77490703	0.03051715	549.54746703	
67.50000000	0.15656873	1153.88336603	0.03069975	549.59912647	
67.60000000	0.15745888	1154.10028403	0.03087429	549.70244536	
67.70000000	0.15842376	1154.12000303	0.03106348	549.71183759	
67.80000000	0.15942599	1154.04112403	0.03126000	549.67426722	
67.90000000	0.16035724	1154.14958303	0.03144260	549.72592666	
68.00000000	0.16129596	1154.23832203	0.03162666	549.76819339	
68.10000000	0.16228325	1154.19888203	0.03182024	549.74940797	
68.20000000	0.16319955	1154.34678103	0.03199991	549.81985284	
68.30000000	0.16422047	1154.21860203	0.03220009	549.75880068	
68.40000000	0.16514050	1154.35664003	0.03238049	549.82454872	
68.50000000	0.16609417	1154.40594003	0.03256748	549.84803050	
68.60000000	0.16708893	1154.34678103	0.03276254	549.81985284	
68.70000000	0.16810985	1154.21860203	0.03296272	549.75880068	
68.80000000	0.16907098	1154.24818203	0.03315117	549.77288975	
68.90000000	0.17012179	1154.04112403	0.03335721	549.67426722	
69.00000000	0.17113523	1153.93266603	0.03355593	549.62260825	
69.10000000	0.17202165	1154.15944303	0.03372973	549.73062302	
69.20000000	0.17305377	1154.00168503	0.03393211	549.65548227	
69.30000000	0.17406348	1153.90308603	0.03413009	549.60851918	
69.40000000	0.17494989	1154.12986303	0.03430390	549.71653395	
69.50000000	0.17591103	1154.15944303	0.03449236	549.73062302	
69.60000000	0.17691700	1154.07070403	0.03468961	549.68835629	
69.70000000	0.17784825	1154.17916303	0.03487221	549.74001573	
69.80000000	0.17890652	1153.95238503	0.03507971	549.63200049	
69.90000000	0.18000590	1153.61714903	0.03529528	549.47232628	
70.00000000	0.18100067	1153.55799003	0.03549033	549.44414862	
70.10000000	0.18198048	1153.53827003	0.03568245	549.43475591	
70.20000000	0.18290052	1153.67630903	0.03586285	549.50050442	
70.30000000	0.18374583	1154.01154503	0.03602859	549.66017863	
70.40000000	0.18474433	1153.94252503	0.03622438	549.62730413	
70.50000000	0.18579140	1153.74532803	0.03642969	549.53337844	
70.60000000	0.18677869	1153.70588803	0.03662327	549.51459301	
70.70000000	0.18779214	1153.59742903	0.03682199	549.46293357	
70.80000000	0.18872712	1153.69602803	0.03700532	549.50989666	
70.90000000	0.18959859	1153.96224503	0.03717619	549.63669685	
71.00000000	0.19061950	1153.83406703	0.03737637	549.57564517	
71.10000000	0.19153954	1153.97210503	0.03755677	549.64139320	
71.20000000	0.19257914	1153.79462703	0.03776062	549.55685974	
71.30000000	0.19342819	1154.12000303	0.03792710	549.71183759	
71.40000000	0.19442669	1154.05098403	0.03812288	549.67896358	
71.50000000	0.19548497	1153.82420703	0.03833039	549.57094881	
71.60000000	0.19643863	1153.87350603	0.03851738	549.59443012	
71.70000000	0.19750438	1153.62700903	0.03872635	549.47702264	
71.80000000	0.19843189	1153.74532803	0.03890821	549.53337844	
71.90000000	0.19933699	1153.92280603	0.03908568	549.61791190	
72.00000000	0.20031680	1153.90308603	0.03927780	549.60851918	
72.10000000	0.20132278	1153.81434703	0.03947505	549.56625245	
72.20000000	0.20232875	1153.72560803	0.03967230	549.52398572	
72.30000000	0.20327494	1153.79462703	0.03985783	549.55685974	
72.40000000	0.20429212	1153.67630903	0.04005728	549.50050442	
72.50000000	0.20533545	1153.48897103	0.04026185	549.41127460	
72.60000000	0.20635637	1153.36079203	0.04046203	549.35022245	
72.70000000	0.20742212	1153.11429503	0.04067100	549.23281497	
72.80000000	0.20832722	1153.29177303	0.04084847	549.31734843	
72.90000000	0.20931824	1153.24247403	0.04104279	549.29386712	
73.00000000	0.21020465	1153.46925103	0.04121660	549.40188189	
73.10000000	0.21121810	1153.36079203	0.04141531	549.35022245	
73.20000000	0.21223528	1153.24247403	0.04161476	549.29386712	
73.30000000	0.21314784	1153.40023203	0.04179369	549.36900787	
73.40000000	0.21416129	1153.29177303	0.04199241	549.31734843	
73.50000000	0.21512242	1153.32135303	0.04218087	549.33143750	
73.60000000	0.21611719	1153.26219303	0.04237592	549.30325936	
73.70000000	0.21702602	1153.42981103	0.04255412	549.38309647	
73.80000000	0.21801331	1153.39037203	0.04274771	549.36431152	
73.90000000	0.21894455	1153.49883103	0.04293030	549.41597096	
74.00000000	0.21989822	1153.54813003	0.04311730	549.43945226	
74.10000000	0.22101254	1153.17345503	0.04333579	549.26099311	
74.20000000	0.22199609	1153.14387503	0.04352865	549.24690404	
74.30000000	0.22292734	1153.25233403	0.04371124	549.29856348	
74.40000000	0.22394079	1153.14387503	0.04390996	549.24690404	
74.50000000	0.22481972	1153.39037203	0.04408230	549.36431152	
74.60000000	0.22573229	1153.54813003	0.04426123	549.43945226	
74.70000000	0.22673826	1153.45939103	0.04445848	549.39718553	
74.80000000	0.22763215	1153.66644903	0.04463375	549.49580806	
74.90000000	0.22856339	1153.77490703	0.04481635	549.54746703	
75.00000000	0.22950958	1153.84392703	0.04500188	549.58034152	
75.10000000	0.23058654	1153.56785003	0.04521305	549.44884498	
75.20000000	0.23152153	1153.66644903	0.04539638	549.49580806	
75.30000000	0.23250882	1153.62700903	0.04558996	549.47702264	
75.40000000	0.23349611	1153.58757003	0.04578355	549.45823769	
75.50000000	0.23445724	1153.61714903	0.04597201	549.47232628	
75.60000000	0.23551926	1153.38051203	0.04618025	549.35961516	
75.70000000	0.23668589	1152.86779803	0.04640900	549.11540749	
75.80000000	0.23760593	1153.00583703	0.04658940	549.18115600	
75.90000000	0.23854091	1153.10443503	0.04677273	549.22811861	
76.00000000	0.23952820	1153.06499603	0.04696631	549.20933366	
76.10000000	0.24043329	1153.24247403	0.04714378	549.29386712	
76.20000000	0.24159992	1152.72976003	0.04737253	549.04965946	
76.30000000	0.24261711	1152.61144103	0.04757198	548.99330366	
76.40000000	0.24357451	1152.65088103	0.04775971	549.01208908	
76.50000000	0.24456553	1152.60158103	0.04795403	548.98860730	
76.60000000	0.24543700	1152.86779803	0.04812490	549.11540749	
76.70000000	0.24638693	1152.92695703	0.04831116	549.14358515	
76.80000000	0.24746762	1152.64102103	0.04852306	549.00739273	
76.90000000	0.24846612	1152.57200203	0.04871885	548.97451871	
77.00000000	0.24959913	1152.14802703	0.04894101	548.77257777	
77.10000000	0.25064993	1151.94096903	0.04914705	548.67395524	
77.20000000	0.25172689	1151.66489203	0.04935821	548.54245869	
77.30000000	0.25272166	1151.60573303	0.04955327	548.51428103	
77.40000000	0.25363796	1151.75363103	0.04973293	548.58472542	
77.50000000	0.25457668	1151.84237003	0.04991700	548.62699215	
77.60000000	0.25541078	1152.20718603	0.05008055	548.80075543	
77.70000000	0.25634203	1152.31564503	0.05026314	548.85241487	
77.80000000	0.25733679	1152.25648503	0.05045819	548.82423674	
77.90000000	0.25838012	1152.06914803	0.05066277	548.73500740	
78.00000000	0.25938610	1151.98040903	0.05086002	548.69274067	
78.10000000	0.26047053	1151.68461203	0.05107265	548.55185141	
78.20000000	0.26140178	1151.79307103	0.05125525	548.60351085	
78.30000000	0.26233302	1151.90153003	0.05143785	548.65517029	
78.40000000	0.26337636	1151.71419203	0.05164242	548.56594048	
78.50000000	0.26423288	1152.01984803	0.05181037	548.71152562	
78.60000000	0.26526500	1151.86209003	0.05201275	548.63638487	
78.70000000	0.26627098	1151.77335103	0.05221000	548.59411814	
78.80000000	0.26715365	1152.00998803	0.05238307	548.70682926	
78.90000000	0.26826797	1151.63531303	0.05260156	548.52837010	
79.00000000	0.26930383	1151.46769503	0.05280467	548.44853300	
79.10000000	0.27031354	1151.36909603	0.05300266	548.40156991	
79.20000000	0.27131951	1151.28035703	0.05319990	548.35930318	
79.30000000	0.27233296	1151.17189803	0.05339862	548.30764374	
79.40000000	0.27329036	1151.21133803	0.05358634	548.32642916	
79.50000000	0.27434117	1151.00428003	0.05379239	548.22780663	
79.60000000	0.27542933	1150.69862403	0.05400575	548.08222150	
79.70000000	0.27636805	1150.78736303	0.05418981	548.12448823	
79.80000000	0.27733666	1150.79722303	0.05437974	548.12918458	
79.90000000	0.27833516	1150.72820403	0.05457552	548.09631056	
80.00000000	0.27928509	1150.78736303	0.05476178	548.12448823	
80.10000000	0.28026117	1150.77750303	0.05495317	548.11979187	
80.20000000	0.28122978	1150.78736303	0.05514309	548.12448823	
80.30000000	0.28217971	1150.84652203	0.05532935	548.15266589	
80.40000000	0.28315953	1150.82680203	0.05552148	548.14327317	
80.50000000	0.28421407	1150.60988503	0.05572825	548.03995476	
80.60000000	0.28525367	1150.43240703	0.05593209	547.95542130	
80.70000000	0.28621480	1150.46198703	0.05612055	547.96951037	
80.80000000	0.28717968	1150.48170603	0.05630974	547.97890261	
80.90000000	0.28821180	1150.32394803	0.05651212	547.90376186	
81.00000000	0.28922151	1150.22534903	0.05671010	547.85679878	
81.10000000	0.29028353	1149.98871203	0.05691834	547.74408765	
81.20000000	0.29141653	1149.56473703	0.05714050	547.54214672	
81.30000000	0.29241876	1149.48585803	0.05733701	547.50457634	
81.40000000	0.29352935	1149.12104303	0.05755477	547.33081354	
81.50000000	0.29458763	1148.89426503	0.05776228	547.22279830	
81.60000000	0.29564591	1148.66748803	0.05796979	547.11478353	
81.70000000	0.29665188	1148.57874903	0.05816704	547.07251680	
81.80000000	0.29761675	1148.59846903	0.05835623	547.08190952	
81.90000000	0.29856668	1148.65762803	0.05854249	547.11008718	
82.00000000	0.29954650	1148.63790803	0.05873461	547.10069446	
82.10000000	0.30047027	1148.76608703	0.05891574	547.16174662	
82.20000000	0.30152855	1148.53930903	0.05912325	547.05373138	
82.30000000	0.30253452	1148.45057103	0.05932049	547.01146512	
82.40000000	0.30350687	1148.45057103	0.05951115	547.01146512	
82.50000000	0.30454647	1148.27309303	0.05971499	546.92693166	
82.60000000	0.30545156	1148.45057103	0.05989246	547.01146512	
82.70000000	0.30651358	1148.21393303	0.06010070	546.89875353	
82.80000000	0.30754196	1148.06603503	0.06030235	546.82830913	
82.90000000	0.30857409	1147.90827703	0.06050472	546.75316839	
83.00000000	0.30964731	1147.64206003	0.06071516	546.62636820	
83.10000000	0.31057482	1147.76037903	0.06089702	546.68272400	
83.20000000	0.31155838	1147.73079903	0.06108988	546.66863493	
83.30000000	0.31263160	1147.46458203	0.06130031	546.54183474	
83.40000000	0.31370109	1147.20822503	0.06151002	546.41973090	
83.50000000	0.31472948	1147.06032703	0.06171166	546.34928651	
83.60000000	0.31585127	1146.66593203	0.06193162	546.16143464	
83.70000000	0.31689461	1146.47859403	0.06213620	546.07220482	
83.80000000	0.31783706	1146.55747303	0.06232099	546.10977520	
83.90000000	0.31890281	1146.31097603	0.06252996	545.99236772	
84.00000000	0.31986769	1146.33069603	0.06271915	546.00176043	
84.10000000	0.32078773	1146.46873403	0.06289955	546.06750847	
84.20000000	0.32181985	1146.31097603	0.06310193	545.99236772	
84.30000000	0.32288934	1146.05461903	0.06331164	545.87026389	
84.40000000	0.32388784	1145.98560003	0.06350742	545.83738987	
84.50000000	0.32500590	1145.60106403	0.06372665	545.65423388	
84.60000000	0.32605297	1145.40386703	0.06393195	545.56030818	
84.70000000	0.32701037	1145.44330603	0.06411968	545.57909313	
84.80000000	0.32797898	1145.45316603	0.06430960	545.58378949	
84.90000000	0.32886539	1145.67994303	0.06448341	545.69180425	
85.00000000	0.32984894	1145.65036403	0.06467626	545.67771566	
85.10000000	0.33084371	1145.59120403	0.06487131	545.64953752	
85.20000000	0.33179737	1145.64050403	0.06505831	545.67301930	
85.30000000	0.33280708	1145.54190503	0.06525629	545.62605622	
85.40000000	0.33372712	1145.67994303	0.06543669	545.69180425	
85.50000000	0.33471441	1145.64050403	0.06563028	545.67301930	
85.60000000	0.33570170	1145.60106403	0.06582386	545.65423388	
85.70000000	0.33667778	1145.59120403	0.06601525	545.64953752	
85.80000000	0.33769122	1145.48274603	0.06621397	545.59787856	
85.90000000	0.33867104	1145.46302603	0.06640609	545.58848584	
86.00000000	0.33965086	1145.44330603	0.06659821	545.57909313	
86.10000000	0.34067177	1145.31512803	0.06679839	545.51804145	
86.20000000	0.34171884	1145.11793003	0.06700370	545.42411528	
86.30000000	0.34274723	1144.97003203	0.06720534	545.35367089	
86.40000000	0.34386156	1144.59535603	0.06742383	545.17521125	
86.50000000	0.34484511	1144.56577703	0.06761669	545.16112266	
86.60000000	0.34584735	1144.48689703	0.06781321	545.12355181	
86.70000000	0.34681969	1144.48689703	0.06800386	545.12355181	
86.80000000	0.34780698	1144.44745803	0.06819745	545.10476686	
86.90000000	0.34876812	1144.47703803	0.06838591	545.11885593	
87.00000000	0.34975541	1144.43759803	0.06857949	545.10007051	
87.10000000	0.35071281	1144.47703803	0.06876722	545.11885593	
87.20000000	0.35169263	1144.45731803	0.06895934	545.10946322	
87.30000000	0.35272102	1144.30942003	0.06916098	545.03901883	
87.40000000	0.35383160	1143.94460403	0.06937875	544.86525555	
87.50000000	0.35496834	1143.51076903	0.06960164	544.65861826	
87.60000000	0.35601541	1143.31357103	0.06980694	544.56469208	
87.70000000	0.35718578	1142.79099803	0.07003643	544.31578853	
87.80000000	0.35818428	1142.72197803	0.07023221	544.28291404	
87.90000000	0.35910805	1142.85015703	0.07041334	544.34396620	
88.00000000	0.36013644	1142.70225903	0.07061499	544.27352180	
88.10000000	0.36100044	1142.98819503	0.07078440	544.40971423	
88.20000000	0.36179344	1143.46147003	0.07093989	544.63513695	
88.30000000	0.36288161	1143.15581303	0.07115326	544.48955134	
88.40000000	0.36387637	1143.09665403	0.07134831	544.46137367	
88.50000000	0.36493465	1142.86987703	0.07155581	544.35335891	
88.60000000	0.36603777	1142.52478103	0.07177211	544.18898834	
88.70000000	0.36699890	1142.55436003	0.07196057	544.20307694	
88.80000000	0.36786290	1142.84029703	0.07212998	544.33926984	
88.90000000	0.36880535	1142.91917603	0.07231478	544.37684021	
89.00000000	0.36985990	1142.70225903	0.07252155	544.27352180	
89.10000000	0.37078741	1142.82057703	0.07270341	544.32987713	
89.20000000	0.37188305	1142.49520103	0.07291824	544.17489928	
89.30000000	0.37286660	1142.46562103	0.07311110	544.16081021	
89.40000000	0.37379038	1142.59380003	0.07329223	544.22186236	
89.50000000	0.37488228	1142.27828403	0.07350633	544.07158087	
89.60000000	0.37585836	1142.26842403	0.07369772	544.06688451	
89.70000000	0.37684939	1142.21912403	0.07389204	544.04340273	
89.80000000	0.37787031	1142.09094603	0.07409222	543.98235105	
89.90000000	0.37878661	1142.23884403	0.07427188	544.05279544	
90.00000000	0.37973280	1142.30786303	0.07445741	544.08566946	
90.10000000	0.38087328	1141.86416903	0.07468103	543.87433628	
90.20000000	0.38184936	1141.85430903	0.07487242	543.86963993	
90.30000000	0.38284038	1141.80500903	0.07506674	543.84615815	
90.40000000	0.38388372	1141.61767103	0.07527132	543.75692833	
90.50000000	0.38487101	1141.57823203	0.07546490	543.73814338	
90.60000000	0.38585456	1141.54865203	0.07565776	543.72405431	
90.70000000	0.38692031	1141.30215503	0.07586673	543.60664683	
90.80000000	0.38806453	1140.84860103	0.07609108	543.39061730	
90.90000000	0.38905929	1140.78944103	0.07628614	543.36243917	
91.00000000	0.39019603	1140.35560603	0.07650903	543.15580187	
91.10000000	0.39130288	1140.00065103	0.07672605	542.98673543	
91.20000000	0.39221171	1140.16826903	0.07690426	543.06657253	
91.30000000	0.39318779	1140.15840903	0.07709565	543.06187617	
91.40000000	0.39413025	1140.23728803	0.07728044	543.09944655	
91.50000000	0.39507270	1140.31616703	0.07746524	543.13701692	
91.60000000	0.39620944	1139.88233203	0.07768813	542.93037963	
91.70000000	0.39724904	1139.70485403	0.07789197	542.84584617	
91.80000000	0.39826622	1139.58653603	0.07809142	542.78949084	
91.90000000	0.39933944	1139.32031903	0.07830185	542.66269065	
92.00000000	0.40027443	1139.41891703	0.07848518	542.70965326	
92.10000000	0.40126919	1139.35975803	0.07868023	542.68147560	
92.20000000	0.40230505	1139.19214003	0.07888334	542.60163850	
92.30000000	0.40337080	1138.94564303	0.07909231	542.48423102	
92.40000000	0.40433941	1138.95550303	0.07928224	542.48892738	
92.50000000	0.40540516	1138.70900603	0.07949121	542.37151990	
92.60000000	0.40644850	1138.52166803	0.07969578	542.28229008	
92.70000000	0.40735733	1138.68928603	0.07987399	542.36212719	
92.80000000	0.40836703	1138.59068703	0.08007197	542.31516410	
92.90000000	0.40936553	1138.52166803	0.08026775	542.28229008	
93.00000000	0.41042381	1138.29489103	0.08047526	542.17427532	
93.10000000	0.41154561	1137.90049503	0.08069522	541.98642297	
93.20000000	0.41264872	1137.55540003	0.08091151	541.82205288	
93.30000000	0.41364348	1137.49624003	0.08110657	541.79387475	
93.40000000	0.41463451	1137.44694103	0.08130088	541.77039344	
93.50000000	0.41566664	1137.28918303	0.08150326	541.69525269	
93.60000000	0.41673239	1137.04268603	0.08171223	541.57784521	
93.70000000	0.41777946	1136.84548803	0.08191754	541.48391904	
93.80000000	0.41875180	1136.84548803	0.08210820	541.48391904	
93.90000000	0.41970173	1136.90464703	0.08229446	541.51209670	
94.00000000	0.42062177	1137.04268603	0.08247486	541.57784521	
94.10000000	0.42160159	1137.02296603	0.08266698	541.56845250	
94.20000000	0.42272712	1136.61871103	0.08288767	541.37590428	
94.30000000	0.42385639	1136.20459603	0.08310910	541.17865969	
94.40000000	0.42495576	1135.86936003	0.08332466	541.01898549	
94.50000000	0.42600657	1135.66230203	0.08353070	540.92036296	
94.60000000	0.42699012	1135.63272203	0.08372355	540.90627389	
94.70000000	0.42799983	1135.53412303	0.08392154	540.85931080	
94.80000000	0.42900207	1135.45524403	0.08411805	540.82174043	
94.90000000	0.43010892	1135.10028903	0.08433508	540.65267398	
95.00000000	0.43119335	1134.80449203	0.08454772	540.51178472	
95.10000000	0.43224789	1134.58757503	0.08475449	540.40846632	
95.20000000	0.43339584	1134.12416003	0.08497958	540.18773995	
95.30000000	0.43452885	1133.70018503	0.08520173	539.98579901	
95.40000000	0.43565064	1133.30579003	0.08542169	539.79794714	
95.50000000	0.43670892	1133.07901303	0.08562920	539.68993238	
95.60000000	0.43774852	1132.90153503	0.08583304	539.60539892	
95.70000000	0.43881801	1132.64517803	0.08604275	539.48329508	
95.80000000	0.43988002	1132.40854003	0.08625098	539.37058349	
95.90000000	0.44090094	1132.28036203	0.08645116	539.30953181	
96.00000000	0.44201900	1131.89582703	0.08667039	539.12637629	
96.10000000	0.44310717	1131.59017003	0.08688376	538.98079068	
96.20000000	0.44424764	1131.14647503	0.08710738	538.76945703	
96.30000000	0.44547032	1130.48586303	0.08734712	538.45480497	
96.40000000	0.44649123	1130.35768503	0.08754730	538.39375329	
96.50000000	0.44763171	1129.91399003	0.08777092	538.18241964	
96.60000000	0.44870120	1129.65763303	0.08798063	538.06031580	
96.70000000	0.44984541	1129.20407803	0.08820498	537.84428580	
96.80000000	0.45122127	1128.13921103	0.08847476	537.33708551	
96.90000000	0.45247757	1127.38986003	0.08872109	536.98016672	
97.00000000	0.45376002	1126.57148903	0.08897255	536.59037344	
97.10000000	0.45501259	1125.83199803	0.08921815	536.23815100	
97.20000000	0.45624273	1125.15166603	0.08945936	535.91410623	
97.30000000	0.45757749	1124.19525803	0.08972108	535.45856539	
97.40000000	0.45891973	1123.21912903	0.08998426	534.99363135	
97.50000000	0.46028811	1122.17398103	0.09025257	534.49582330	
97.60000000	0.46176112	1120.85275703	0.09054140	533.86651918	
97.70000000	0.46327148	1119.43293403	0.09083755	533.19025198	
97.80000000	0.46499107	1117.46095703	0.09117472	532.25099168	
97.90000000	0.46695352	1114.84808803	0.09155951	531.00647203	
98.00000000	0.46901685	1111.96900203	0.09196409	529.63515219	
98.10000000	0.47127073	1108.58706203	0.09240603	528.02432104	
98.20000000	0.47371142	1104.71212803	0.09288459	526.17867494	
98.30000000	0.47629782	1100.45265803	0.09339173	524.14987284	
98.40000000	0.47926158	1095.19734003	0.09397286	521.64674448	
98.50000000	0.48289787	1088.16724203	0.09468586	518.29828151	
98.60000000	0.48767745	1078.12002003	0.09562303	513.51275067	
