Total length (mm) = 50	
Gage length (mm) = 5.1	
Width (mm) = 2.21	
Thickness (mm) = 0.95	
----------	
Time (s)	Displacement (mm)	Force (N)	Eng. strain	Eng. stress (MPa)	
0.00000000	0.00000000	0.00000000	0.00000000	0.00000000	
0.10000000	0.04032179	60.25381900	0.00790623	28.69912789	
0.20000000	0.04058481	61.83140200	0.00795781	29.45053679	
0.30000000	0.04084783	63.32024600	0.00800938	30.15967897	
0.40000000	0.04111084	65.30208500	0.00806095	31.10363658	
0.50000000	0.04137386	67.33322300	0.00811252	32.07107549	
0.60000000	0.04163687	69.42352100	0.00816409	33.06669255	
0.70000000	0.04189989	71.30676100	0.00821566	33.96368707	
0.80000000	0.04216290	72.96322300	0.00826724	34.75266635	
0.90000000	0.04242592	74.71828400	0.00831881	35.58860872	
1.00000000	0.04268894	76.62124400	0.00837038	36.49499595	
1.10000000	0.04295195	78.74112100	0.00842195	37.50470160	
1.20000000	0.04321497	80.78211900	0.00847352	38.47683687	
1.30000000	0.04347798	83.01045600	0.00852509	39.53820243	
1.40000000	0.04374100	85.23879200	0.00857667	40.59956752	
1.50000000	0.04400401	87.41782900	0.00862824	41.63745130	
1.60000000	0.04426703	89.40952700	0.00867981	42.58610479	
1.70000000	0.04453005	91.52940500	0.00873138	43.59581091	
1.80000000	0.04479306	93.19572700	0.00878295	44.38948654	
1.90000000	0.04505608	95.20714500	0.00883452	45.34753275	
2.00000000	0.04531909	97.32702300	0.00888610	46.35723887	
2.10000000	0.04558211	99.28914200	0.00893767	47.29180376	
2.20000000	0.04584512	101.48789800	0.00898924	48.33907978	
2.30000000	0.04610814	103.35141800	0.00904081	49.22668159	
2.40000000	0.04637116	105.40227600	0.00909238	50.20351322	
2.50000000	0.04663417	107.45313400	0.00914396	51.18034484	
2.60000000	0.04689719	109.48427200	0.00919553	52.14778376	
2.70000000	0.04716020	111.78162800	0.00924710	53.24202334	
2.80000000	0.04742322	114.07898300	0.00929867	54.33626244	
2.90000000	0.04768623	116.05096200	0.00935024	55.27552370	
3.00000000	0.04794925	118.12154000	0.00940181	56.26174804	
3.10000000	0.04821227	120.06393900	0.00945339	57.18692022	
3.20000000	0.04847528	121.95703900	0.00950496	58.08861110	
3.30000000	0.04873830	124.23467400	0.00955653	59.17345749	
3.40000000	0.04900131	126.51231000	0.00960810	60.25830436	
3.50000000	0.04926433	128.58288800	0.00965967	61.24452870	
3.60000000	0.04952734	131.01828200	0.00971124	62.40451631	
3.70000000	0.04979036	133.14801900	0.00976282	63.41891831	
3.80000000	0.05005338	135.43551400	0.00981439	64.50846106	
3.90000000	0.05031639	137.61455100	0.00986596	65.54634484	
4.00000000	0.05057941	139.52737000	0.00991753	66.45742796	
4.10000000	0.05084242	141.66696700	0.00996910	67.47652632	
4.20000000	0.05110544	143.60936700	0.01002067	68.40169898	
4.30000000	0.05136845	145.74896400	0.01007225	69.42079733	
4.40000000	0.05163147	147.82940100	0.01012382	70.41171755	
4.50000000	0.05189449	150.16619600	0.01017539	71.52474208	
4.60000000	0.05215750	152.35509300	0.01022696	72.56732222	
4.70000000	0.05242052	154.63272800	0.01027853	73.65216861	
4.80000000	0.05268353	156.75260500	0.01033010	74.66187426	
4.90000000	0.05294655	158.68514500	0.01038168	75.58235056	
5.00000000	0.05320956	160.99236000	0.01043325	76.68128602	
5.10000000	0.05347258	163.08265700	0.01048482	77.67690260	
5.20000000	0.05373560	165.33071300	0.01053639	78.74766040	
5.30000000	0.05399861	167.05619500	0.01058796	79.56951417	
5.40000000	0.05426163	169.08733300	0.01063953	80.53695308	
5.50000000	0.05452464	171.34524800	0.01069111	81.61240676	
5.60000000	0.05478766	173.54400500	0.01074268	82.65968326	
5.70000000	0.05505067	176.02869800	0.01079425	83.84315218	
5.80000000	0.05531369	178.14857500	0.01084582	84.85285782	
5.90000000	0.05557671	180.24873300	0.01089739	85.85317123	
6.00000000	0.05583972	182.18127200	0.01094896	86.77364706	
6.10000000	0.05610274	184.56736600	0.01100054	87.91015289	
6.20000000	0.05636575	186.68724300	0.01105211	88.91985854	
6.30000000	0.05662877	189.18179600	0.01110368	90.10802382	
6.40000000	0.05689178	191.75522900	0.01115525	91.33375994	
6.50000000	0.05715480	193.77650700	0.01120682	92.29650250	
6.60000000	0.05741782	196.15274100	0.01125840	93.42831198	
6.70000000	0.05768083	197.99654100	0.01130997	94.30652108	
6.80000000	0.05794385	200.08683900	0.01136154	95.30213813	
6.90000000	0.05820686	202.03909800	0.01141311	96.23200667	
7.00000000	0.05846988	204.12939500	0.01146468	97.22762324	
7.10000000	0.05873289	206.48591000	0.01151625	98.35004049	
7.20000000	0.05899591	208.67480600	0.01156783	99.39262015	
7.30000000	0.05925893	211.13977900	0.01161940	100.56669636	
7.40000000	0.05952194	213.38783500	0.01167097	101.63745416	
7.50000000	0.05978496	215.53729200	0.01172254	102.66124887	
7.60000000	0.06004797	217.62758900	0.01177411	103.65686544	
7.70000000	0.06031099	219.66858700	0.01182568	104.62900071	
7.80000000	0.06057400	222.13356100	0.01187726	105.80307740	
7.90000000	0.06083702	224.27315800	0.01192883	106.82217576	
8.00000000	0.06110004	226.50149300	0.01198040	107.88354037	
8.10000000	0.06136305	228.97632700	0.01203197	109.06231341	
8.20000000	0.06162607	230.83984700	0.01208354	109.94991522	
8.30000000	0.06188908	233.21608100	0.01213511	111.08172470	
8.40000000	0.06215210	235.51343600	0.01218669	112.17596380	
8.50000000	0.06241511	237.58401400	0.01223826	113.16218814	
8.60000000	0.06267813	239.73347000	0.01228983	114.18598238	
8.70000000	0.06294115	241.74488900	0.01234140	115.14402905	
8.80000000	0.06320416	244.07182300	0.01239297	116.25235675	
8.90000000	0.06346718	246.09310100	0.01244454	117.21509931	
9.00000000	0.06373019	248.58765400	0.01249612	118.40326459	
9.10000000	0.06399321	250.93430900	0.01254769	119.52098547	
9.20000000	0.06425622	252.78796900	0.01259926	120.40389093	
9.30000000	0.06451924	255.31210200	0.01265083	121.60614527	
9.40000000	0.06478226	257.40239900	0.01270240	122.60176185	
9.50000000	0.06504527	259.55185600	0.01275397	123.62555656	
9.60000000	0.06530829	261.88865000	0.01280555	124.73858061	
9.70000000	0.06557130	263.70287100	0.01285712	125.60270112	
9.80000000	0.06583432	265.73400900	0.01290869	126.57014003	
9.90000000	0.06609733	267.86374500	0.01296026	127.58454156	
10.00000000	0.06636035	270.05264200	0.01301183	128.62712170	
10.10000000	0.06662337	272.47817500	0.01306340	129.78241248	
10.20000000	0.06688638	274.47973400	0.01311498	130.73576280	
10.30000000	0.06714940	276.61933000	0.01316655	131.75486068	
10.40000000	0.06741241	278.66032800	0.01321812	132.72699595	
10.50000000	0.06767543	280.76048500	0.01326969	133.72730888	
10.60000000	0.06793844	283.29447800	0.01332126	134.93425959	
10.70000000	0.06820146	285.36505500	0.01337284	135.92048345	
10.80000000	0.06846448	287.55395200	0.01342441	136.96306359	
10.90000000	0.06872749	289.61466900	0.01347598	137.94459109	
11.00000000	0.06899051	291.61622700	0.01352755	138.89794094	
11.10000000	0.06925352	293.91358200	0.01357912	139.99218004	
11.20000000	0.06951654	295.97430000	0.01363069	140.97370803	
11.30000000	0.06977955	298.25193500	0.01368227	142.05855442	
11.40000000	0.07004257	300.41125200	0.01373384	143.08704549	
11.50000000	0.07030559	302.33393100	0.01378541	144.00282496	
11.60000000	0.07056860	304.57212700	0.01383698	145.06888640	
11.70000000	0.07083162	306.89906100	0.01388855	146.17721410	
11.80000000	0.07109463	309.09781700	0.01394012	147.22449012	
11.90000000	0.07135765	311.40503200	0.01399170	148.32342558	
12.00000000	0.07162066	313.76154600	0.01404327	149.44584234	
12.10000000	0.07188368	315.78282400	0.01409484	150.40858490	
12.20000000	0.07214670	318.09989900	0.01414641	151.51221672	
12.30000000	0.07240971	320.56487200	0.01419798	152.68629293	
12.40000000	0.07267273	322.71432900	0.01424955	153.71008764	
12.50000000	0.07293574	324.89336500	0.01430113	154.74797095	
12.60000000	0.07319876	327.22030000	0.01435270	155.85629912	
12.70000000	0.07346177	329.28101700	0.01440427	156.83782663	
12.80000000	0.07372479	331.49949300	0.01445584	157.89449536	
12.90000000	0.07398781	333.66866900	0.01450741	158.92768231	
13.00000000	0.07425082	335.58148900	0.01455898	159.83876590	
13.10000000	0.07451384	337.66192600	0.01461056	160.82968612	
13.20000000	0.07477685	339.79166300	0.01466213	161.84408812	
13.30000000	0.07503987	342.02985800	0.01471370	162.91014908	
13.40000000	0.07530288	344.08071600	0.01476527	163.88698071	
13.50000000	0.07556590	346.08227400	0.01481684	164.84033055	
13.60000000	0.07582892	348.35004900	0.01486841	165.92048059	
13.70000000	0.07609193	350.72628300	0.01491999	167.05229007	
13.80000000	0.07635495	353.01377800	0.01497156	168.14183282	
13.90000000	0.07661796	355.17309500	0.01502313	169.17032389	
14.00000000	0.07688098	357.17465300	0.01507470	170.12367373	
14.10000000	0.07714399	359.03817200	0.01512627	171.01127507	
14.20000000	0.07740701	361.01015100	0.01517784	171.95053632	
14.30000000	0.07767003	363.26806600	0.01522942	173.02599000	
14.40000000	0.07793304	365.67388000	0.01528099	174.17188854	
14.50000000	0.07819606	367.61627800	0.01533256	175.09706025	
14.60000000	0.07845907	369.83475400	0.01538413	176.15372898	
14.70000000	0.07872209	371.90533100	0.01543570	177.13995285	
14.80000000	0.07898510	373.54207400	0.01548728	177.91953989	
14.90000000	0.07924812	376.00704700	0.01553885	179.09361610	
15.00000000	0.07951114	378.38328100	0.01559042	180.22542558	
15.10000000	0.07977415	380.77923400	0.01564199	181.36662729	
15.20000000	0.08003717	383.45126500	0.01569356	182.63932603	
15.30000000	0.08030018	385.57114200	0.01574513	183.64903167	
15.40000000	0.08056320	387.57270000	0.01579671	184.60238152	
15.50000000	0.08082621	389.72215600	0.01584828	185.62617576	
15.60000000	0.08108923	391.64483500	0.01589985	186.54195523	
15.70000000	0.08135225	393.89289000	0.01595142	187.61271255	
15.80000000	0.08161526	396.46632200	0.01600299	188.83844820	
15.90000000	0.08187828	398.55661900	0.01605456	189.83406478	
16.00000000	0.08214129	400.85397400	0.01610614	190.92830388	
16.10000000	0.08240431	402.87525200	0.01615771	191.89104644	
16.20000000	0.08266732	404.83737000	0.01620928	192.82561086	
16.30000000	0.08293034	407.18402500	0.01626085	193.94333175	
16.40000000	0.08319336	409.45180000	0.01631242	195.02348178	
16.50000000	0.08345637	411.89705300	0.01636399	196.18816528	
16.60000000	0.08371939	413.83945100	0.01641557	197.11333698	
16.70000000	0.08398240	415.97904800	0.01646714	198.13243534	
16.80000000	0.08424542	417.67494900	0.01651871	198.94019957	
16.90000000	0.08450843	419.68636700	0.01657028	199.89824577	
17.00000000	0.08477145	421.87526300	0.01662185	200.94082543	
17.10000000	0.08503447	424.06415900	0.01667342	201.98340510	
17.20000000	0.08529748	426.43053300	0.01672500	203.11051822	
17.30000000	0.08556050	428.32363200	0.01677657	204.01220862	
17.40000000	0.08582351	430.31533000	0.01682814	204.96086211	
17.50000000	0.08608653	432.21828900	0.01687971	205.86724887	
17.60000000	0.08634954	434.46634400	0.01693128	206.93800619	
17.70000000	0.08661256	436.87215800	0.01698285	208.08390474	
17.80000000	0.08687558	439.20895200	0.01703443	209.19692879	
17.90000000	0.08713859	441.31896900	0.01708600	210.20193808	
18.00000000	0.08740161	443.36982600	0.01713757	211.17876923	
18.10000000	0.08766462	445.46012300	0.01718914	212.17438581	
18.20000000	0.08792764	447.58986000	0.01724071	213.18878781	
18.30000000	0.08819065	449.55197800	0.01729229	214.12335223	
18.40000000	0.08845367	451.39577800	0.01734386	215.00156132	
18.50000000	0.08871669	453.46635500	0.01739543	215.98778519	
18.60000000	0.08897970	455.31015500	0.01744700	216.86599428	
18.70000000	0.08924272	457.77512700	0.01749857	218.04007002	
18.80000000	0.08950573	460.17108100	0.01755014	219.18127221	
18.90000000	0.08976875	462.17263900	0.01760172	220.13462205	
19.00000000	0.09003176	464.43055400	0.01765329	221.21007573	
19.10000000	0.09029478	466.17575500	0.01770486	222.04132174	
19.20000000	0.09055780	468.18717300	0.01775643	222.99936794	
19.30000000	0.09082081	470.23803000	0.01780800	223.97619910	
19.40000000	0.09108383	472.35790600	0.01785957	224.98590426	
19.50000000	0.09134684	474.76372000	0.01791115	226.13180281	
19.60000000	0.09160986	476.75541800	0.01796272	227.08045630	
19.70000000	0.09187287	478.93445400	0.01801429	228.11833960	
19.80000000	0.09213589	481.01489100	0.01806586	229.10925982	
19.90000000	0.09239890	482.93756900	0.01811743	230.02503882	
20.00000000	0.09266192	485.09688600	0.01816900	231.05352989	
20.10000000	0.09292494	487.51255900	0.01822058	232.20412432	
20.20000000	0.09318795	489.44509700	0.01827215	233.12459967	
20.30000000	0.09345097	491.35791600	0.01832372	234.03568278	
20.40000000	0.09371398	493.55667200	0.01837529	235.08295880	
20.50000000	0.09397700	495.41033100	0.01842686	235.96586378	
20.60000000	0.09424001	497.54006800	0.01847843	236.98026578	
20.70000000	0.09450303	499.77826300	0.01853001	238.04632674	
20.80000000	0.09476605	501.85870000	0.01858158	239.03724696	
20.90000000	0.09502906	503.78137900	0.01863315	239.95302643	
21.00000000	0.09529208	505.91111500	0.01868472	240.96742796	
21.10000000	0.09555509	508.10001100	0.01873629	242.01000762	
21.20000000	0.09581811	510.11142800	0.01878786	242.96805335	
21.30000000	0.09608112	512.22144500	0.01883944	243.97306263	
21.40000000	0.09634414	514.14412400	0.01889101	244.88884211	
21.50000000	0.09660716	516.17526100	0.01894258	245.85628054	
21.60000000	0.09687017	518.21625800	0.01899415	246.82841534	
21.70000000	0.09713319	520.35585500	0.01904572	247.84751369	
21.80000000	0.09739620	522.62363000	0.01909729	248.92766373	
21.90000000	0.09765922	524.70406600	0.01914887	249.91858347	
22.00000000	0.09792223	526.50842600	0.01920044	250.77800714	
22.10000000	0.09818525	528.34236600	0.01925201	251.65151989	
22.20000000	0.09844827	530.47210200	0.01930358	252.66592141	
22.30000000	0.09871128	532.53281900	0.01935515	253.64744892	
22.40000000	0.09897430	534.77101500	0.01940673	254.71351036	
22.50000000	0.09923731	536.96977000	0.01945830	255.76078590	
22.60000000	0.09950033	538.94174800	0.01950987	256.70004668	
22.70000000	0.09976334	540.63764900	0.01956144	257.50781091	
22.80000000	0.10002636	542.72794600	0.01961301	258.50342748	
22.90000000	0.10028938	544.69006400	0.01966458	259.43799190	
23.00000000	0.10055239	546.57330300	0.01971616	260.33498595	
23.10000000	0.10081541	549.00869600	0.01976773	261.49497309	
23.20000000	0.10107842	551.08913300	0.01981930	262.48589331	
23.30000000	0.10134144	553.11041000	0.01987087	263.44863539	
23.40000000	0.10160445	555.21056700	0.01992244	264.44894832	
23.50000000	0.10186747	556.88674800	0.01997401	265.24731984	
23.60000000	0.10213049	558.76012700	0.02002559	266.13961753	
23.70000000	0.10239350	560.60392700	0.02007716	267.01782663	
23.80000000	0.10265652	562.66464400	0.02012873	267.99935413	
23.90000000	0.10291953	564.72536100	0.02018030	268.98088164	
24.00000000	0.10318255	566.82551800	0.02023187	269.98119457	
24.10000000	0.10344556	568.77777600	0.02028344	270.91106263	
24.20000000	0.10370858	570.73989400	0.02033502	271.84562705	
24.30000000	0.10397160	572.83019100	0.02038659	272.84124363	
24.40000000	0.10423461	574.79230900	0.02043816	273.77580805	
24.50000000	0.10449763	577.06994300	0.02048973	274.86065397	
24.60000000	0.10476064	579.08136100	0.02054130	275.81870017	
24.70000000	0.10502366	581.38857500	0.02059287	276.91763515	
24.80000000	0.10528667	583.62677000	0.02064445	277.98369612	
24.90000000	0.10554969	585.51000900	0.02069602	278.88069016	
25.00000000	0.10581271	587.40310800	0.02074759	279.78238057	
25.10000000	0.10607572	589.32578600	0.02079916	280.69815956	
25.20000000	0.10633874	591.18930500	0.02085073	281.58576090	
25.30000000	0.10660175	593.42750000	0.02090230	282.65182186	
25.40000000	0.10686477	595.62625600	0.02095388	283.69909788	
25.50000000	0.10712778	597.56865400	0.02100545	284.62426959	
25.60000000	0.10739080	599.77726900	0.02105702	285.67624149	
25.70000000	0.10765382	601.69994800	0.02110859	286.59202096	
25.80000000	0.10791683	603.62262600	0.02116016	287.50779995	
25.90000000	0.10817985	605.97914000	0.02121173	288.63021672	
26.00000000	0.10844286	607.74406000	0.02126331	289.47085497	
26.10000000	0.10870588	609.94281600	0.02131488	290.51813098	
26.20000000	0.10896889	612.02325200	0.02136645	291.50905073	
26.30000000	0.10923191	613.60083500	0.02141802	292.26045963	
26.40000000	0.10949493	615.61225200	0.02146959	293.21850536	
26.50000000	0.10975794	617.55465000	0.02152117	294.14367707	
26.60000000	0.11002096	619.51676800	0.02157274	295.07824149	
26.70000000	0.11028397	621.65636400	0.02162431	296.09733937	
26.80000000	0.11054699	623.70722100	0.02167588	297.07417052	
26.90000000	0.11081000	625.80737800	0.02172745	298.07448345	
27.00000000	0.11107302	627.77935600	0.02177902	299.01374422	
27.10000000	0.11133604	629.84993200	0.02183060	299.99996761	
27.20000000	0.11159905	631.66415200	0.02188217	300.86408764	
27.30000000	0.11186207	633.64599000	0.02193374	301.80804477	
27.40000000	0.11212508	635.62782700	0.02198531	302.75200143	
27.50000000	0.11238810	637.69840400	0.02203688	303.73822529	
27.60000000	0.11265111	639.95631900	0.02208845	304.81367897	
27.70000000	0.11291413	641.81983800	0.02214003	305.70128030	
27.80000000	0.11317715	643.86083500	0.02219160	306.67341510	
27.90000000	0.11344016	645.77365300	0.02224317	307.58449774	
28.00000000	0.11370318	647.75549100	0.02229474	308.52845487	
28.10000000	0.11396619	649.52041100	0.02234631	309.36909312	
28.20000000	0.11422921	651.76846600	0.02239788	310.43985044	
28.30000000	0.11449222	653.73058400	0.02244946	311.37441486	
28.40000000	0.11475524	655.49550400	0.02250103	312.21505311	
28.50000000	0.11501826	657.95061600	0.02255260	313.38443248	
28.60000000	0.11528127	659.80427500	0.02260417	314.26733746	
28.70000000	0.11554429	661.62835500	0.02265574	315.13615385	
28.80000000	0.11580730	663.65949200	0.02270731	316.10359228	
28.90000000	0.11607032	665.39483300	0.02275889	316.93014194	
29.00000000	0.11633333	667.50484900	0.02281046	317.93515075	
29.10000000	0.11659635	669.57542500	0.02286203	318.92137414	
29.20000000	0.11685937	671.70516100	0.02291360	319.93577566	
29.30000000	0.11712238	673.77573800	0.02296517	320.92199952	
29.40000000	0.11738540	675.69841600	0.02301674	321.83777852	
29.50000000	0.11764841	677.59151500	0.02306832	322.73946892	
29.60000000	0.11791143	679.46489400	0.02311989	323.63176661	
29.70000000	0.11817444	681.33827300	0.02317146	324.52406430	
29.80000000	0.11843746	683.23137100	0.02322303	325.42575423	
29.90000000	0.11870048	685.25264900	0.02327460	326.38849678	
30.00000000	0.11896349	687.22462600	0.02332617	327.32775709	
30.10000000	0.11922651	689.18674400	0.02337775	328.26232151	
30.20000000	0.11948952	691.07984300	0.02342932	329.16401191	
30.30000000	0.11975254	693.02224100	0.02348089	330.08918362	
30.40000000	0.12001555	694.95477900	0.02353246	331.00965897	
30.50000000	0.12027857	696.53236100	0.02358403	331.76106740	
30.60000000	0.12054159	698.34658100	0.02363561	332.62518743	
30.70000000	0.12080460	700.31855800	0.02368718	333.56444773	
30.80000000	0.12106762	702.15249800	0.02373875	334.43796047	
30.90000000	0.12133063	704.24279400	0.02379032	335.43357657	
31.00000000	0.12159365	706.28379100	0.02384189	336.40571136	
31.10000000	0.12185666	708.09801000	0.02389346	337.26983091	
31.20000000	0.12211968	710.03054800	0.02394504	338.19030626	
31.30000000	0.12238270	711.89406700	0.02399661	339.07790760	
31.40000000	0.12264571	713.82660500	0.02404818	339.99838295	
31.50000000	0.12290873	715.82816300	0.02409975	340.95173279	
31.60000000	0.12317174	717.90859900	0.02415132	341.94265254	
31.70000000	0.12343476	719.66365900	0.02420289	342.77859443	
31.80000000	0.12369777	721.37928000	0.02425447	343.59575137	
31.90000000	0.12396079	723.20335900	0.02430604	344.46456728	
32.00000000	0.12422381	724.87954000	0.02435761	345.26293879	
32.10000000	0.12448682	727.11773500	0.02440918	346.32899976	
32.20000000	0.12474984	729.03055300	0.02446075	347.24008240	
32.30000000	0.12501285	730.96309100	0.02451232	348.16055775	
32.40000000	0.12527587	732.96464900	0.02456390	349.11390760	
32.50000000	0.12553888	734.63097000	0.02461547	349.90758276	
32.60000000	0.12580190	736.59308700	0.02466704	350.84214670	
32.70000000	0.12606492	738.27912800	0.02471861	351.64521457	
32.80000000	0.12632793	740.27082600	0.02477018	352.59386806	
32.90000000	0.12659095	742.45972100	0.02482175	353.63644725	
33.00000000	0.12685396	744.37253900	0.02487333	354.54752989	
33.10000000	0.12711698	746.39381600	0.02492490	355.51027197	
33.20000000	0.12737999	748.27705500	0.02497647	356.40726602	
33.30000000	0.12764301	749.93351600	0.02502804	357.19624482	
33.40000000	0.12790603	751.60969700	0.02507961	357.99461634	
33.50000000	0.12816904	753.53237500	0.02513118	358.91039533	
33.60000000	0.12843206	755.33673400	0.02518276	359.76981853	
33.70000000	0.12869507	757.40731100	0.02523433	360.75604239	
33.80000000	0.12895809	759.43844800	0.02528590	361.72348083	
33.90000000	0.12922110	761.33154600	0.02533747	362.62517075	
34.00000000	0.12948412	762.98800700	0.02538904	363.41414956	
34.10000000	0.12974714	764.74306700	0.02544061	364.25009145	
34.20000000	0.13001015	766.67560500	0.02549219	365.17056680	
34.30000000	0.13027317	768.64758300	0.02554376	366.10982758	
34.40000000	0.13053618	770.76745900	0.02559533	367.11953275	
34.50000000	0.13079920	772.59153800	0.02564690	367.98834865	
34.60000000	0.13106221	774.62267500	0.02569847	368.95578709	
34.70000000	0.13132523	776.35801500	0.02575005	369.78233627	
34.80000000	0.13158825	778.14265500	0.02580162	370.63236723	
34.90000000	0.13185126	779.82869500	0.02585319	371.43543463	
35.00000000	0.13211428	781.47529700	0.02590476	372.21971755	
35.10000000	0.13237729	783.09231800	0.02595633	372.98991093	
35.20000000	0.13264031	784.83751800	0.02600790	373.82115647	
35.30000000	0.13290332	786.87851500	0.02605948	374.79329126	
35.40000000	0.13316634	788.91951200	0.02611105	375.76542605	
35.50000000	0.13342936	790.70415100	0.02616262	376.61545654	
35.60000000	0.13369237	792.64654900	0.02621419	377.54062824	
35.70000000	0.13395539	794.33259000	0.02626576	378.34369612	
35.80000000	0.13421840	795.77213400	0.02631733	379.02935651	
35.90000000	0.13448142	797.61593200	0.02636891	379.90756466	
36.00000000	0.13474443	799.32169300	0.02642048	380.72002524	
36.10000000	0.13500745	801.36269000	0.02647205	381.69216004	
36.20000000	0.13527047	803.47270500	0.02652362	382.69716837	
36.30000000	0.13553348	805.66160000	0.02657519	383.73974756	
36.40000000	0.13579650	807.49553900	0.02662676	384.61325982	
36.50000000	0.13605951	809.12242100	0.02667834	385.38815004	
36.60000000	0.13632253	810.67042300	0.02672991	386.12546940	
36.70000000	0.13658554	812.32688400	0.02678148	386.91444820	
36.80000000	0.13684856	814.18054300	0.02683305	387.79735318	
36.90000000	0.13711158	816.05392200	0.02688462	388.68965087	
37.00000000	0.13737459	817.86814100	0.02693619	389.55377042	
37.10000000	0.13763761	819.71194000	0.02698777	390.43197904	
37.20000000	0.13790062	821.25008200	0.02703934	391.16460205	
37.30000000	0.13816364	823.14318000	0.02709091	392.06629197	
37.40000000	0.13842665	825.14473700	0.02714248	393.01964134	
37.50000000	0.13868967	826.94909700	0.02719405	393.87906502	
37.60000000	0.13895269	828.96051400	0.02724562	394.83711074	
37.70000000	0.13921570	830.63669400	0.02729720	395.63548178	
37.80000000	0.13947872	832.15511700	0.02734877	396.35871255	
37.90000000	0.13974173	833.74255900	0.02740034	397.11481734	
38.00000000	0.14000475	835.66523700	0.02745191	398.03059633	
38.10000000	0.14026776	837.55833500	0.02750348	398.93228626	
38.20000000	0.14053078	839.71765000	0.02755505	399.96077638	
38.30000000	0.14079380	841.66004800	0.02760663	400.88594808	
38.40000000	0.14105681	843.36580800	0.02765820	401.69840819	
38.50000000	0.14131983	845.15044800	0.02770977	402.54843915	
38.60000000	0.14158284	846.98438700	0.02776134	403.42195142	
38.70000000	0.14184586	848.87748500	0.02781291	404.32364134	
38.80000000	0.14210887	850.72128400	0.02786449	405.20184996	
38.90000000	0.14237189	852.66368200	0.02791606	406.12702167	
39.00000000	0.14263491	854.37930200	0.02796763	406.94417814	
39.10000000	0.14289792	856.12450200	0.02801920	407.77542367	
39.20000000	0.14316094	857.93872100	0.02807077	408.63954322	
39.30000000	0.14342395	859.51630300	0.02812234	409.39095166	
39.40000000	0.14368697	861.20234300	0.02817392	410.19401905	
39.50000000	0.14394998	862.84894400	0.02822549	410.97830150	
39.60000000	0.14421300	864.58428400	0.02827706	411.80485068	
39.70000000	0.14447602	866.51682200	0.02832863	412.72532603	
39.80000000	0.14473903	868.20286300	0.02838020	413.52839390	
39.90000000	0.14500205	870.05652100	0.02843177	414.41129840	
40.00000000	0.14526506	871.78200200	0.02848335	415.23315170	
40.10000000	0.14552808	873.51734200	0.02853492	416.05970088	
40.20000000	0.14579109	875.32170100	0.02858649	416.91912408	
40.30000000	0.14605411	877.03732100	0.02863806	417.73628054	
40.40000000	0.14631713	878.71350200	0.02868963	418.53465206	
40.50000000	0.14658014	880.24178400	0.02874120	419.26257871	
40.60000000	0.14684316	881.93768500	0.02879278	420.07034294	
40.70000000	0.14710617	883.56456600	0.02884435	420.84523267	
40.80000000	0.14736919	885.45766400	0.02889592	421.74692260	
40.90000000	0.14763220	887.10426500	0.02894749	422.53120505	
41.00000000	0.14789522	888.94806400	0.02899906	423.40941367	
41.10000000	0.14815824	890.83130200	0.02905063	424.30640724	
41.20000000	0.14842125	892.40888400	0.02910221	425.05781567	
41.30000000	0.14868427	894.08506400	0.02915378	425.85618671	
41.40000000	0.14894728	895.67250600	0.02920535	426.61229150	
41.50000000	0.14921030	897.13176900	0.02925692	427.30734413	
41.60000000	0.14947331	898.63047200	0.02930849	428.02118219	
41.70000000	0.14973633	900.31651200	0.02936006	428.82424958	
41.80000000	0.14999935	901.94339400	0.02941164	429.59913980	
41.90000000	0.15026236	903.58013500	0.02946321	430.37872589	
42.00000000	0.15052538	905.15771600	0.02951478	431.13013384	
42.10000000	0.15078839	906.74515800	0.02956635	431.88623863	
42.20000000	0.15105141	908.26358000	0.02961792	432.60946892	
42.30000000	0.15131442	909.89046200	0.02966949	433.38435913	
42.40000000	0.15157744	911.59622200	0.02972107	434.19681924	
42.50000000	0.15184046	913.23296300	0.02977264	434.97640533	
42.60000000	0.15210347	914.94858300	0.02982421	435.79356180	
42.70000000	0.15236649	916.84168100	0.02987578	436.69525173	
42.80000000	0.15262950	918.62632100	0.02992735	437.54528269	
42.90000000	0.15289252	920.60815800	0.02997893	438.48923934	
43.00000000	0.15315553	922.04770100	0.03003050	439.17489926	
43.10000000	0.15341855	923.66472200	0.03008207	439.94509264	
43.20000000	0.15368157	925.40006200	0.03013364	440.77164182	
43.30000000	0.15394458	926.89876500	0.03018521	441.48547988	
43.40000000	0.15420760	928.96934100	0.03023678	442.47170326	
43.50000000	0.15447061	930.61594200	0.03028836	443.25598571	
43.60000000	0.15473363	932.10478400	0.03033993	443.96512693	
43.70000000	0.15499664	933.83026400	0.03039150	444.78697976	
43.80000000	0.15525966	935.32896700	0.03044307	445.50081781	
43.90000000	0.15552268	936.86710900	0.03049464	446.23344082	
44.00000000	0.15578569	938.59258900	0.03054621	447.05529364	
44.10000000	0.15604871	939.96311300	0.03059779	447.70807954	
44.20000000	0.15631172	941.64915400	0.03064936	448.51114742	
44.30000000	0.15657474	943.53239200	0.03070093	449.40814099	
44.40000000	0.15683775	945.23815200	0.03075250	450.22060110	
44.50000000	0.15710077	947.36788700	0.03080407	451.23500214	
44.60000000	0.15736379	949.11308700	0.03085564	452.06624768	
44.70000000	0.15762680	950.80898700	0.03090722	452.87401143	
44.80000000	0.15788982	952.62320600	0.03095879	453.73813098	
44.90000000	0.15815283	954.30924700	0.03101036	454.54119886	
45.00000000	0.15841585	956.15304500	0.03106193	455.41940700	
45.10000000	0.15867886	957.75034600	0.03111350	456.18020767	
45.20000000	0.15894188	959.38708700	0.03116507	456.95979376	
45.30000000	0.15920490	960.83649100	0.03121665	457.65015051	
45.40000000	0.15946791	962.44365200	0.03126822	458.41564754	
45.50000000	0.15973093	964.07053300	0.03131979	459.19053727	
45.60000000	0.15999394	965.64811500	0.03137136	459.94194570	
45.70000000	0.16025696	967.70883100	0.03142293	460.92347273	
45.80000000	0.16051997	969.59206900	0.03147450	461.82046630	
45.90000000	0.16078299	971.21895000	0.03152608	462.59535604	
46.00000000	0.16104601	972.93457000	0.03157765	463.41251250	
46.10000000	0.16130902	974.38397300	0.03162922	464.10286878	
46.20000000	0.16157204	975.71505700	0.03168079	464.73686925	
46.30000000	0.16183505	977.51941600	0.03173236	465.59629245	
46.40000000	0.16209807	979.27447600	0.03178394	466.43223434	
46.50000000	0.16236108	980.87177700	0.03183551	467.19303501	
46.60000000	0.16262410	982.42963900	0.03188708	467.93505073	
46.70000000	0.16288712	983.86918200	0.03193865	468.62071065	
46.80000000	0.16315013	985.57494200	0.03199022	469.43317075	
46.90000000	0.16341315	987.25112300	0.03204179	470.23154227	
47.00000000	0.16367616	989.35127800	0.03209337	471.23185425	
47.10000000	0.16393918	991.13591700	0.03214494	472.08188473	
47.20000000	0.16420219	992.76279800	0.03219651	472.85677447	
47.30000000	0.16446521	994.64603600	0.03224808	473.75376804	
47.40000000	0.16472823	996.17431900	0.03229965	474.48169517	
47.50000000	0.16499124	997.98853700	0.03235122	475.34581424	
47.60000000	0.16525426	999.84219600	0.03240280	476.22871922	
47.70000000	0.16551727	1001.27187900	0.03245437	476.90968278	
47.80000000	0.16578029	1002.91848000	0.03250594	477.69396523	
47.90000000	0.16604330	1004.52564100	0.03255751	478.45946225	
48.00000000	0.16630632	1006.20182100	0.03260908	479.25783329	
48.10000000	0.16656934	1007.96674100	0.03266065	480.09847154	
48.20000000	0.16683235	1009.42600400	0.03271223	480.79352417	
48.30000000	0.16709537	1010.92470600	0.03276380	481.50736175	
48.40000000	0.16735838	1012.40368900	0.03281537	482.21180710	
48.50000000	0.16762140	1013.92211100	0.03286694	482.93503739	
48.60000000	0.16788441	1015.73633000	0.03291851	483.79915694	
48.70000000	0.16814743	1017.49138900	0.03297008	484.63509836	
48.80000000	0.16841045	1019.16757000	0.03302166	485.43346987	
48.90000000	0.16867346	1020.83389000	0.03307323	486.22714456	
49.00000000	0.16893648	1022.25371300	0.03312480	486.90341176	
49.10000000	0.16919949	1023.65381700	0.03317637	487.57028673	
49.20000000	0.16946251	1024.82714300	0.03322794	488.12914646	
49.30000000	0.16972552	1026.13850800	0.03327951	488.75375470	
49.40000000	0.16998854	1027.57805100	0.03333109	489.43941462	
49.50000000	0.17025156	1029.20493200	0.03338266	490.21430436	
49.60000000	0.17051457	1031.21634800	0.03343423	491.17234961	
49.70000000	0.17077759	1033.13902600	0.03348580	492.08812860	
49.80000000	0.17104060	1034.73632700	0.03353737	492.84892927	
49.90000000	0.17130362	1036.35334800	0.03358894	493.61912265	
50.00000000	0.17156663	1037.21115800	0.03364052	494.02770088	
50.10000000	0.17182965	1038.50280300	0.03369209	494.64291641	
50.20000000	0.17209267	1040.13954400	0.03374366	495.42250250	
50.30000000	0.17235568	1041.58894700	0.03379523	496.11285878	
50.40000000	0.17261870	1043.60036300	0.03384680	497.07090402	
50.50000000	0.17288171	1045.31598300	0.03389838	497.88806049	
50.60000000	0.17314473	1046.85412500	0.03394995	498.62068350	
50.70000000	0.17340774	1048.24436800	0.03400152	499.28286163	
50.80000000	0.17367076	1049.82195000	0.03405309	500.03427006	
50.90000000	0.17393378	1051.17275400	0.03410466	500.67766325	
51.00000000	0.17419679	1052.74047500	0.03415623	501.42437485	
51.10000000	0.17445981	1054.24903800	0.03420781	502.14290926	
51.20000000	0.17472282	1055.63928100	0.03425938	502.80508740	
51.30000000	0.17498584	1057.14784400	0.03431095	503.52362181	
51.40000000	0.17524885	1058.60710600	0.03436252	504.21867397	
51.50000000	0.17551187	1059.99735000	0.03441409	504.88085258	
51.60000000	0.17577489	1061.24955500	0.03446566	505.47728269	
51.70000000	0.17603790	1062.33414300	0.03451724	505.99387616	
51.80000000	0.17630092	1063.46802900	0.03456881	506.53395046	
51.90000000	0.17656393	1064.89771200	0.03462038	507.21491403	
52.00000000	0.17682695	1065.88370100	0.03467195	507.68454442	
52.10000000	0.17708996	1067.25422500	0.03472352	508.33733032	
52.20000000	0.17735298	1068.49657000	0.03477509	508.92906406	
52.30000000	0.17761600	1069.56143700	0.03482667	509.43626435	
52.40000000	0.17787901	1071.17845800	0.03487824	510.20645773	
52.50000000	0.17814203	1072.55884200	0.03492981	510.86393999	
52.60000000	0.17840504	1073.82090700	0.03498138	511.46506644	
52.70000000	0.17866806	1075.12241200	0.03503295	512.08497833	
52.80000000	0.17893107	1076.38447700	0.03508452	512.68610479	
52.90000000	0.17919409	1077.52822400	0.03513610	513.23087592	
53.00000000	0.17945711	1078.62267100	0.03518767	513.75216528	
53.10000000	0.17972012	1080.00305400	0.03523924	514.40964706	
53.20000000	0.17885512	1080.98904300	0.03506963	514.87927745	
53.30000000	0.17949778	1082.21166800	0.03519564	515.46161848	
53.40000000	0.18014044	1083.39485400	0.03532166	516.02517457	
53.50000000	0.18078310	1084.35126300	0.03544767	516.48071588	
53.60000000	0.18142576	1085.55416900	0.03557368	517.05366468	
53.70000000	0.18206843	1086.39225900	0.03569969	517.45285020	
53.80000000	0.18271109	1087.43740700	0.03582570	517.95065825	
53.90000000	0.18335375	1088.43325500	0.03595172	518.42498452	
54.00000000	0.18399641	1089.57700100	0.03607773	518.96975518	
54.10000000	0.18463907	1090.66158800	0.03620374	519.48634818	
54.20000000	0.18528174	1091.63771700	0.03632975	519.95128221	
54.30000000	0.18592440	1092.67300500	0.03645576	520.44439390	
54.40000000	0.18656706	1093.59983400	0.03658178	520.88584615	
54.50000000	0.18720972	1094.48722300	0.03670779	521.30851298	
54.60000000	0.18785238	1095.24643400	0.03683380	521.67012813	
54.70000000	0.18849505	1096.16340300	0.03695981	522.10688402	
54.80000000	0.18913771	1096.90289500	0.03708583	522.45910693	
54.90000000	0.18978037	1097.82972400	0.03721184	522.90055918	
55.00000000	0.19042303	1098.68753400	0.03733785	523.30913741	
55.10000000	0.19106570	1099.47632400	0.03746386	523.68484115	
55.20000000	0.19170836	1100.19609600	0.03758987	524.02767135	
55.30000000	0.19235102	1100.75810900	0.03771589	524.29536032	
55.40000000	0.19299368	1101.57647900	0.03784190	524.68515313	
55.50000000	0.19363634	1102.14835300	0.03796791	524.95753894	
55.60000000	0.19427901	1102.78924500	0.03809392	525.26279829	
55.70000000	0.19492167	1103.56817600	0.03821993	525.63380614	
55.80000000	0.19556433	1103.97243100	0.03834595	525.82635437	
55.90000000	0.19620699	1104.57388400	0.03847196	526.11282877	
56.00000000	0.19684965	1105.11617800	0.03859797	526.37112551	
56.10000000	0.19749232	1105.75707000	0.03872398	526.67638485	
56.20000000	0.19813498	1106.37824300	0.03885000	526.97225196	
56.30000000	0.19877764	1106.61488000	0.03897601	527.08496309	
56.40000000	0.19942030	1107.07829400	0.03910202	527.30568897	
56.50000000	0.20006296	1107.36423100	0.03922803	527.44188188	
56.60000000	0.20070563	1107.88680500	0.03935404	527.69078590	
56.70000000	0.20134829	1108.77419400	0.03948006	528.11345273	
56.80000000	0.20199095	1109.46438600	0.03960607	528.44219386	
56.90000000	0.20263361	1110.02639900	0.03973208	528.70988283	
57.00000000	0.20327627	1110.61799200	0.03985809	528.99166087	
57.10000000	0.20391894	1110.87434900	0.03998411	529.11376471	
57.20000000	0.20456160	1111.30818400	0.04011012	529.32040200	
57.30000000	0.20520426	1111.95893700	0.04023613	529.63035818	
57.40000000	0.20584692	1112.05753500	0.04036214	529.67732079	
57.50000000	0.20648958	1112.45193100	0.04048815	529.86517314	
57.60000000	0.20713225	1112.68856800	0.04061417	529.97788426	
57.70000000	0.20777491	1112.75758700	0.04074018	530.01075828	
57.80000000	0.20841757	1113.11254300	0.04086619	530.17982520	
57.90000000	0.20906023	1113.38862000	0.04099220	530.31132174	
58.00000000	0.20970289	1113.64497700	0.04111821	530.43342558	
58.10000000	0.21034556	1113.72385600	0.04124423	530.47099595	
58.20000000	0.21098822	1113.93091300	0.04137024	530.56961800	
58.30000000	0.21163088	1114.01965200	0.04149625	530.61188473	
58.40000000	0.21227354	1114.00979200	0.04162226	530.60718838	
58.50000000	0.21291620	1114.54222600	0.04174828	530.86078876	
58.60000000	0.21355887	1115.00564000	0.04187429	531.08151465	
58.70000000	0.21420153	1115.30143700	0.04200030	531.22240391	
58.80000000	0.21484419	1115.43947500	0.04212631	531.28815194	
58.90000000	0.21548685	1115.41975600	0.04225232	531.27875970	
59.00000000	0.21612951	1115.40989600	0.04237834	531.27406335	
59.10000000	0.21677218	1115.65639300	0.04250435	531.39147083	
59.20000000	0.21741484	1116.14938700	0.04263036	531.62628578	
59.30000000	0.21805750	1116.24798600	0.04275637	531.67324887	
59.40000000	0.21870016	1116.62266100	0.04288238	531.85170803	
59.50000000	0.21934282	1116.80013900	0.04300840	531.93624149	
59.60000000	0.21998549	1116.72126000	0.04313441	531.89867111	
59.70000000	0.22062815	1116.80999900	0.04326042	531.94093784	
59.80000000	0.22127081	1116.72126000	0.04338643	531.89867111	
59.90000000	0.22191347	1116.75084000	0.04351245	531.91276018	
60.00000000	0.22255614	1116.92831800	0.04363846	531.99729364	
60.10000000	0.22319880	1116.98747700	0.04376447	532.02547130	
60.20000000	0.22384146	1117.09593600	0.04389048	532.07713075	
60.30000000	0.22448412	1117.02691700	0.04401649	532.04425673	
60.40000000	0.22512678	1117.03677600	0.04414251	532.04895261	
60.50000000	0.22576945	1117.30299300	0.04426852	532.17575280	
60.60000000	0.22641211	1117.74668800	0.04439453	532.38708645	
60.70000000	0.22705477	1118.22982200	0.04452054	532.61720505	
60.80000000	0.22769743	1118.62421800	0.04464656	532.80505739	
60.90000000	0.22834009	1118.90029400	0.04477257	532.93655347	
61.00000000	0.22898276	1118.76225600	0.04489858	532.87080543	
61.10000000	0.22962542	1118.75239600	0.04502459	532.86610907	
61.20000000	0.23026808	1119.02847300	0.04515060	532.99760562	
61.30000000	0.23091074	1119.07777200	0.04527662	533.02108693	
61.40000000	0.23155340	1119.40314800	0.04540263	533.17606478	
61.50000000	0.23219607	1119.58062600	0.04552864	533.26059824	
61.60000000	0.23283873	1119.38342900	0.04565465	533.16667254	
61.70000000	0.23348139	1119.50174700	0.04578066	533.22302786	
61.80000000	0.23412405	1119.50174700	0.04590668	533.22302786	
61.90000000	0.23476671	1119.62992600	0.04603269	533.28408002	
62.00000000	0.23540938	1119.95530200	0.04615870	533.43905787	
62.10000000	0.23605204	1119.78768400	0.04628471	533.35922077	
62.20000000	0.23669470	1119.79754400	0.04641073	533.36391712	
62.30000000	0.23733736	1119.91586200	0.04653674	533.42027245	
62.40000000	0.23798002	1119.79754400	0.04666275	533.36391712	
62.50000000	0.23862269	1120.17221900	0.04678876	533.54237628	
62.60000000	0.23926535	1119.97502200	0.04691477	533.44845058	
62.70000000	0.23990801	1119.88628300	0.04704079	533.40618385	
62.80000000	0.24055067	1119.87642300	0.04716680	533.40148750	
62.90000000	0.24119333	1119.69894500	0.04729281	533.31695404	
63.00000000	0.24183600	1120.23137900	0.04741882	533.57055442	
63.10000000	0.24247866	1120.25109800	0.04754483	533.57994665	
63.20000000	0.24312132	1120.28067800	0.04767085	533.59403572	
63.30000000	0.24376398	1120.47787600	0.04779686	533.68796190	
63.40000000	0.24440664	1120.45815600	0.04792287	533.67856918	
63.50000000	0.24504931	1120.57647400	0.04804888	533.73492451	
63.60000000	0.24569197	1120.72437300	0.04817490	533.80536937	
63.70000000	0.24633463	1120.87227100	0.04830091	533.87581377	
63.80000000	0.24697729	1120.91171000	0.04842692	533.89459871	
63.90000000	0.24761995	1121.18778700	0.04855293	534.02609526	
64.00000000	0.24826262	1121.33568500	0.04867894	534.09653965	
64.10000000	0.24890528	1121.25680600	0.04880496	534.05896928	
64.20000000	0.24954794	1121.49344400	0.04893097	534.17168088	
64.30000000	0.25019060	1121.37512500	0.04905698	534.11532508	
64.40000000	0.25083326	1121.51316300	0.04918299	534.18107311	
64.50000000	0.25147593	1121.70050100	0.04930901	534.27030293	
64.60000000	0.25211859	1121.43428400	0.04943502	534.14350274	
64.70000000	0.25276125	1121.56246300	0.04956103	534.20455489	
64.80000000	0.25340391	1121.49344400	0.04968704	534.17168088	
64.90000000	0.25404657	1121.47372400	0.04981305	534.16228816	
65.00000000	0.25468924	1121.87797900	0.04993907	534.35483639	
65.10000000	0.25533190	1121.99629800	0.05006508	534.41119219	
65.20000000	0.25597456	1122.04559700	0.05019109	534.43467349	
65.30000000	0.25661722	1122.09489600	0.05031710	534.45815480	
65.40000000	0.25725989	1121.86811900	0.05044311	534.35014003	
65.50000000	0.25790255	1121.69064100	0.05056913	534.26560657	
65.60000000	0.25854521	1121.45400400	0.05069514	534.15289545	
65.70000000	0.25918787	1121.44414400	0.05082115	534.14819910	
65.80000000	0.25983053	1121.54274300	0.05094716	534.19516218	
65.90000000	0.26047320	1121.47372400	0.05107318	534.16228816	
66.00000000	0.26111586	1122.01601700	0.05119919	534.42058442	
66.10000000	0.26175852	1121.88783900	0.05132520	534.35953275	
66.20000000	0.26240118	1121.79910000	0.05145121	534.31726602	
66.30000000	0.26304384	1121.91741900	0.05157722	534.37362181	
66.40000000	0.26368651	1121.77938000	0.05170324	534.30787330	
66.50000000	0.26432917	1122.12447600	0.05182925	534.47224387	
66.60000000	0.26497183	1122.32167400	0.05195526	534.56617004	
66.70000000	0.26561449	1122.41041300	0.05208127	534.60843677	
66.80000000	0.26625715	1122.53859100	0.05220729	534.66948845	
66.90000000	0.26689982	1122.68648900	0.05233330	534.73993284	
67.00000000	0.26754248	1122.38083300	0.05245931	534.59434770	
67.10000000	0.26818514	1122.38083300	0.05258532	534.59434770	
67.20000000	0.26882780	1122.14419600	0.05271133	534.48163658	
67.30000000	0.26947046	1122.12447600	0.05283735	534.47224387	
67.40000000	0.27011313	1122.35125300	0.05296336	534.58025863	
67.50000000	0.27075579	1122.45971200	0.05308937	534.63191808	
67.60000000	0.27139845	1122.67663000	0.05321538	534.73523696	
67.70000000	0.27204111	1122.69634900	0.05334139	534.74462920	
67.80000000	0.27268377	1122.61747000	0.05346741	534.70705882	
67.90000000	0.27332644	1122.72592900	0.05359342	534.75871827	
68.00000000	0.27396910	1122.81466800	0.05371943	534.80098500	
68.10000000	0.27461176	1122.77522800	0.05384544	534.78219957	
68.20000000	0.27525442	1122.92312700	0.05397146	534.85264444	
68.30000000	0.27589708	1122.79494800	0.05409747	534.79159228	
68.40000000	0.27653975	1122.93298600	0.05422348	534.85734032	
68.50000000	0.27718241	1122.98228600	0.05434949	534.88082210	
68.60000000	0.27782507	1122.92312700	0.05447550	534.85264444	
68.70000000	0.27846773	1122.79494800	0.05460152	534.79159228	
68.80000000	0.27911039	1122.82452800	0.05472753	534.80568135	
68.90000000	0.27975306	1122.61747000	0.05485354	534.70705882	
69.00000000	0.28039572	1122.50901200	0.05497955	534.65539986	
69.10000000	0.28103838	1122.73578900	0.05510556	534.76341462	
69.20000000	0.28168104	1122.57803100	0.05523158	534.68827387	
69.30000000	0.28232370	1122.47943200	0.05535759	534.64131079	
69.40000000	0.28296637	1122.70620900	0.05548360	534.74932555	
69.50000000	0.28360903	1122.73578900	0.05560961	534.76341462	
69.60000000	0.28425169	1122.64705000	0.05573563	534.72114789	
69.70000000	0.28489435	1122.75550900	0.05586164	534.77280734	
69.80000000	0.28553701	1122.52873100	0.05598765	534.66479209	
69.90000000	0.28617968	1122.19349500	0.05611366	534.50511789	
70.00000000	0.28682234	1122.13433600	0.05623967	534.47694022	
70.10000000	0.28746500	1122.11461600	0.05636569	534.46754751	
70.20000000	0.28810766	1122.25265500	0.05649170	534.53329602	
70.30000000	0.28875032	1122.58789100	0.05661771	534.69297023	
70.40000000	0.28939299	1122.51887100	0.05674372	534.66009574	
70.50000000	0.29003565	1122.32167400	0.05686974	534.56617004	
70.60000000	0.29067831	1122.28223400	0.05699575	534.54738462	
70.70000000	0.29132097	1122.17377500	0.05712176	534.49572517	
70.80000000	0.29196364	1122.27237400	0.05724777	534.54268826	
70.90000000	0.29260630	1122.53859100	0.05737378	534.66948845	
71.00000000	0.29324896	1122.41041300	0.05749980	534.60843677	
71.10000000	0.29389162	1122.54845100	0.05762581	534.67418481	
71.20000000	0.29453428	1122.37097300	0.05775182	534.58965135	
71.30000000	0.29517695	1122.69634900	0.05787783	534.74462920	
71.40000000	0.29581961	1122.62733000	0.05800384	534.71175518	
71.50000000	0.29646227	1122.40055300	0.05812986	534.60374041	
71.60000000	0.29710493	1122.44985200	0.05825587	534.62722172	
71.70000000	0.29774759	1122.20335500	0.05838188	534.50981424	
71.80000000	0.29839026	1122.32167400	0.05850789	534.56617004	
71.90000000	0.29903292	1122.49915200	0.05863391	534.65070350	
72.00000000	0.29967558	1122.47943200	0.05875992	534.64131079	
72.10000000	0.30031824	1122.39069300	0.05888593	534.59904406	
72.20000000	0.30096090	1122.30195400	0.05901194	534.55677733	
72.30000000	0.30160357	1122.37097300	0.05913795	534.58965135	
72.40000000	0.30224623	1122.25265500	0.05926397	534.53329602	
72.50000000	0.30288889	1122.06531700	0.05938998	534.44406621	
72.60000000	0.30353155	1121.93713800	0.05951599	534.38301405	
72.70000000	0.30417421	1121.69064100	0.05964200	534.26560657	
72.80000000	0.30481688	1121.86811900	0.05976801	534.35014003	
72.90000000	0.30545954	1121.81882000	0.05989403	534.32665873	
73.00000000	0.30610220	1122.04559700	0.06002004	534.43467349	
73.10000000	0.30674486	1121.93713800	0.06014605	534.38301405	
73.20000000	0.30738752	1121.81882000	0.06027206	534.32665873	
73.30000000	0.30803019	1121.97657800	0.06039808	534.40179948	
73.40000000	0.30867285	1121.86811900	0.06052409	534.35014003	
73.50000000	0.30931551	1121.89769900	0.06065010	534.36422910	
73.60000000	0.30995817	1121.83853900	0.06077611	534.33605096	
73.70000000	0.31060083	1122.00615700	0.06090212	534.41588807	
73.80000000	0.31124350	1121.96671800	0.06102814	534.39710312	
73.90000000	0.31188616	1122.07517700	0.06115415	534.44876256	
74.00000000	0.31252882	1122.12447600	0.06128016	534.47224387	
74.10000000	0.31317148	1121.74980100	0.06140617	534.29378471	
74.20000000	0.31381414	1121.72022100	0.06153219	534.27969564	
74.30000000	0.31445681	1121.82868000	0.06165820	534.33135508	
74.40000000	0.31509947	1121.72022100	0.06178421	534.27969564	
74.50000000	0.31574213	1121.96671800	0.06191022	534.39710312	
74.60000000	0.31638479	1122.12447600	0.06203623	534.47224387	
74.70000000	0.31702745	1122.03573700	0.06216225	534.42997714	
74.80000000	0.31767012	1122.24279500	0.06228826	534.52859967	
74.90000000	0.31831278	1122.35125300	0.06241427	534.58025863	
75.00000000	0.31895544	1122.42027300	0.06254028	534.61313313	
75.10000000	0.31959810	1122.14419600	0.06266629	534.48163658	
75.20000000	0.32024076	1122.24279500	0.06279231	534.52859967	
75.30000000	0.32088343	1122.20335500	0.06291832	534.50981424	
75.40000000	0.32152609	1122.16391600	0.06304433	534.49102929	
75.50000000	0.32216875	1122.19349500	0.06317034	534.50511789	
75.60000000	0.32281141	1121.95685800	0.06329636	534.39240676	
75.70000000	0.32345407	1121.44414400	0.06342237	534.14819910	
75.80000000	0.32409674	1121.58218300	0.06354838	534.21394761	
75.90000000	0.32473940	1121.68078100	0.06367439	534.26091022	
76.00000000	0.32538206	1121.64134200	0.06380040	534.24212527	
76.10000000	0.32602472	1121.81882000	0.06392642	534.32665873	
76.20000000	0.32666739	1121.30610600	0.06405243	534.08245106	
76.30000000	0.32731005	1121.18778700	0.06417844	534.02609526	
76.40000000	0.32795271	1121.22722700	0.06430445	534.04488069	
76.50000000	0.32859537	1121.17792700	0.06443046	534.02139890	
76.60000000	0.32923803	1121.44414400	0.06455648	534.14819910	
76.70000000	0.32988070	1121.50330300	0.06468249	534.17637676	
76.80000000	0.33052336	1121.21736700	0.06480850	534.04018433	
76.90000000	0.33116602	1121.14834800	0.06493451	534.00731031	
77.00000000	0.33180868	1120.72437300	0.06506053	533.80536937	
77.10000000	0.33245134	1120.51731500	0.06518654	533.70674684	
77.20000000	0.33309401	1120.24123800	0.06531255	533.57525030	
77.30000000	0.33373667	1120.18207900	0.06543856	533.54707264	
77.40000000	0.33437933	1120.32997700	0.06556457	533.61751703	
77.50000000	0.33502199	1120.41871600	0.06569059	533.65978376	
77.60000000	0.33566465	1120.78353200	0.06581660	533.83354704	
77.70000000	0.33630732	1120.89199100	0.06594261	533.88520648	
77.80000000	0.33694998	1120.83283100	0.06606862	533.85702834	
77.90000000	0.33759264	1120.64549400	0.06619464	533.76779900	
78.00000000	0.33823530	1120.55675500	0.06632065	533.72553227	
78.10000000	0.33887796	1120.26095800	0.06644666	533.58464301	
78.20000000	0.33952063	1120.36941700	0.06657267	533.63630245	
78.30000000	0.34016329	1120.47787600	0.06669868	533.68796190	
78.40000000	0.34080595	1120.29053800	0.06682470	533.59873208	
78.50000000	0.34144861	1120.59619400	0.06695071	533.74431722	
78.60000000	0.34209127	1120.43843600	0.06707672	533.66917647	
78.70000000	0.34273394	1120.34969700	0.06720273	533.62690974	
78.80000000	0.34337660	1120.58633400	0.06732874	533.73962086	
78.90000000	0.34401926	1120.21165900	0.06745476	533.56116171	
79.00000000	0.34466192	1120.04404100	0.06758077	533.48132460	
79.10000000	0.34530458	1119.94544200	0.06770678	533.43436151	
79.20000000	0.34594725	1119.85670300	0.06783279	533.39209478	
79.30000000	0.34658991	1119.74824400	0.06795881	533.34043534	
79.40000000	0.34723257	1119.78768400	0.06808482	533.35922077	
79.50000000	0.34787523	1119.58062600	0.06821083	533.26059824	
79.60000000	0.34851789	1119.27497000	0.06833684	533.11501310	
79.70000000	0.34916056	1119.36370900	0.06846285	533.15727983	
79.80000000	0.34980322	1119.37356900	0.06858887	533.16197618	
79.90000000	0.35044588	1119.30455000	0.06871488	533.12910217	
80.00000000	0.35108854	1119.36370900	0.06884089	533.15727983	
80.10000000	0.35173120	1119.35384900	0.06896690	533.15258347	
80.20000000	0.35237387	1119.36370900	0.06909292	533.15727983	
80.30000000	0.35301653	1119.42286800	0.06921893	533.18545749	
80.40000000	0.35365919	1119.40314800	0.06934494	533.17606478	
80.50000000	0.35430185	1119.18623100	0.06947095	533.07274637	
80.60000000	0.35494451	1119.00875300	0.06959696	532.98821291	
80.70000000	0.35558718	1119.03833300	0.06972298	533.00230198	
80.80000000	0.35622984	1119.05805200	0.06984899	533.01169421	
80.90000000	0.35687250	1118.90029400	0.06997500	532.93655347	
81.00000000	0.35751516	1118.80169500	0.07010101	532.88959038	
81.10000000	0.35815783	1118.56505800	0.07022702	532.77687926	
81.20000000	0.35880049	1118.14108300	0.07035304	532.57493832	
81.30000000	0.35944315	1118.06220400	0.07047905	532.53736794	
81.40000000	0.36008581	1117.69738900	0.07060506	532.36360514	
81.50000000	0.36072847	1117.47061100	0.07073107	532.25558990	
81.60000000	0.36137114	1117.24383400	0.07085709	532.14757514	
81.70000000	0.36201380	1117.15509500	0.07098310	532.10530841	
81.80000000	0.36265646	1117.17481500	0.07110911	532.11470112	
81.90000000	0.36329912	1117.23397400	0.07123512	532.14287878	
82.00000000	0.36394178	1117.21425400	0.07136113	532.13348607	
82.10000000	0.36458445	1117.34243300	0.07148715	532.19453822	
82.20000000	0.36522711	1117.11565500	0.07161316	532.08652298	
82.30000000	0.36586977	1117.02691700	0.07173917	532.04425673	
82.40000000	0.36651243	1117.02691700	0.07186518	532.04425673	
82.50000000	0.36715509	1116.84943900	0.07199119	531.95972327	
82.60000000	0.36779776	1117.02691700	0.07211721	532.04425673	
82.70000000	0.36844042	1116.79027900	0.07224322	531.93154513	
82.80000000	0.36908308	1116.64238100	0.07236923	531.86110074	
82.90000000	0.36972574	1116.48462300	0.07249524	531.78595999	
83.00000000	0.37036840	1116.21840600	0.07262126	531.65915980	
83.10000000	0.37101107	1116.33672500	0.07274727	531.71551560	
83.20000000	0.37165373	1116.30714500	0.07287328	531.70142653	
83.30000000	0.37229639	1116.04092800	0.07299929	531.57462634	
83.40000000	0.37293905	1115.78457100	0.07312530	531.45252251	
83.50000000	0.37358171	1115.63667300	0.07325132	531.38207811	
83.60000000	0.37422438	1115.24227800	0.07337733	531.19422624	
83.70000000	0.37486704	1115.05494000	0.07350334	531.10499643	
83.80000000	0.37550970	1115.13381900	0.07362935	531.14256680	
83.90000000	0.37615236	1114.88732200	0.07375537	531.02515932	
84.00000000	0.37679502	1114.90704200	0.07388138	531.03455204	
84.10000000	0.37743769	1115.04508000	0.07400739	531.10030007	
84.20000000	0.37808035	1114.88732200	0.07413340	531.02515932	
84.30000000	0.37872301	1114.63096500	0.07425941	530.90305549	
84.40000000	0.37936567	1114.56194600	0.07438543	530.87018147	
84.50000000	0.38000833	1114.17741000	0.07451144	530.68702548	
84.60000000	0.38065100	1113.98021300	0.07463745	530.59309979	
84.70000000	0.38129366	1114.01965200	0.07476346	530.61188473	
84.80000000	0.38193632	1114.02951200	0.07488947	530.61658109	
84.90000000	0.38257898	1114.25628900	0.07501549	530.72459586	
85.00000000	0.38322164	1114.22671000	0.07514150	530.71050726	
85.10000000	0.38386431	1114.16755000	0.07526751	530.68232913	
85.20000000	0.38450697	1114.21685000	0.07539352	530.70581091	
85.30000000	0.38514963	1114.11825100	0.07551954	530.65884782	
85.40000000	0.38579229	1114.25628900	0.07564555	530.72459586	
85.50000000	0.38643495	1114.21685000	0.07577156	530.70581091	
85.60000000	0.38707762	1114.17741000	0.07589757	530.68702548	
85.70000000	0.38772028	1114.16755000	0.07602358	530.68232913	
85.80000000	0.38836294	1114.05909200	0.07614960	530.63067016	
85.90000000	0.38900560	1114.03937200	0.07627561	530.62127745	
86.00000000	0.38964826	1114.01965200	0.07640162	530.61188473	
86.10000000	0.39029093	1113.89147400	0.07652763	530.55083306	
86.20000000	0.39093359	1113.69427600	0.07665364	530.45690688	
86.30000000	0.39157625	1113.54637800	0.07677966	530.38646249	
86.40000000	0.39221891	1113.17170200	0.07690567	530.20800286	
86.50000000	0.39286158	1113.14212300	0.07703168	530.19391427	
86.60000000	0.39350424	1113.06324300	0.07715769	530.15634342	
86.70000000	0.39414690	1113.06324300	0.07728371	530.15634342	
86.80000000	0.39478956	1113.02380400	0.07740972	530.13755847	
86.90000000	0.39543222	1113.05338400	0.07753573	530.15164754	
87.00000000	0.39607489	1113.01394400	0.07766174	530.13286211	
87.10000000	0.39671755	1113.05338400	0.07778775	530.15164754	
87.20000000	0.39736021	1113.03366400	0.07791377	530.14225482	
87.30000000	0.39800287	1112.88576600	0.07803978	530.07181043	
87.40000000	0.39864553	1112.52095000	0.07816579	529.89804715	
87.50000000	0.39928820	1112.08711500	0.07829180	529.69140986	
87.60000000	0.39993086	1111.88991700	0.07841782	529.59748369	
87.70000000	0.40057352	1111.36734400	0.07854383	529.34858014	
87.80000000	0.40121618	1111.29832400	0.07866984	529.31570564	
87.90000000	0.40185884	1111.42650300	0.07879585	529.37675780	
88.00000000	0.40250151	1111.27860500	0.07892186	529.30631341	
88.10000000	0.40314417	1111.56454100	0.07904788	529.44250583	
88.20000000	0.40378683	1112.03781600	0.07917389	529.66792855	
88.30000000	0.40442949	1111.73215900	0.07929990	529.52234294	
88.40000000	0.40507215	1111.67300000	0.07942591	529.49416528	
88.50000000	0.40571482	1111.44622300	0.07955192	529.38615051	
88.60000000	0.40635748	1111.10112700	0.07967794	529.22177995	
88.70000000	0.40700014	1111.13070600	0.07980395	529.23586854	
88.80000000	0.40764280	1111.41664300	0.07992996	529.37206144	
88.90000000	0.40828546	1111.49552200	0.08005597	529.40963182	
89.00000000	0.40892813	1111.27860500	0.08018199	529.30631341	
89.10000000	0.40957079	1111.39692300	0.08030800	529.36266873	
89.20000000	0.41021345	1111.07154700	0.08043401	529.20769088	
89.30000000	0.41085611	1111.04196700	0.08056002	529.19360181	
89.40000000	0.41149877	1111.17014600	0.08068603	529.25465397	
89.50000000	0.41214144	1110.85463000	0.08081205	529.10437247	
89.60000000	0.41278410	1110.84477000	0.08093806	529.09967611	
89.70000000	0.41342676	1110.79547000	0.08106407	529.07619433	
89.80000000	0.41406942	1110.66729200	0.08119008	529.01514265	
89.90000000	0.41471208	1110.81519000	0.08131609	529.08558704	
90.00000000	0.41535475	1110.88420900	0.08144211	529.11846106	
90.10000000	0.41599741	1110.44051500	0.08156812	528.90712789	
90.20000000	0.41664007	1110.43065500	0.08169413	528.90243153	
90.30000000	0.41728273	1110.38135500	0.08182014	528.87894975	
90.40000000	0.41792539	1110.19401700	0.08194616	528.78971993	
90.50000000	0.41856806	1110.15457800	0.08207217	528.77093498	
90.60000000	0.41921072	1110.12499800	0.08219818	528.75684592	
90.70000000	0.41985338	1109.87850100	0.08232419	528.63943844	
90.80000000	0.42049604	1109.42494700	0.08245020	528.42340891	
90.90000000	0.42113870	1109.36578700	0.08257622	528.39523077	
91.00000000	0.42178137	1108.93195200	0.08270223	528.18859347	
91.10000000	0.42242403	1108.57699700	0.08282824	528.01952703	
91.20000000	0.42306669	1108.74461500	0.08295425	528.09936413	
91.30000000	0.42370935	1108.73475500	0.08308027	528.09466778	
91.40000000	0.42435201	1108.81363400	0.08320628	528.13223815	
91.50000000	0.42499468	1108.89251300	0.08333229	528.16980853	
91.60000000	0.42563734	1108.45867800	0.08345830	527.96317123	
91.70000000	0.42628000	1108.28120000	0.08358431	527.87863777	
91.80000000	0.42692266	1108.16288200	0.08371033	527.82228245	
91.90000000	0.42756533	1107.89666500	0.08383634	527.69548226	
92.00000000	0.42820799	1107.99526300	0.08396235	527.74244487	
92.10000000	0.42885065	1107.93610400	0.08408836	527.71426721	
92.20000000	0.42949331	1107.76848600	0.08421437	527.63443010	
92.30000000	0.43013597	1107.52198900	0.08434039	527.51702262	
92.40000000	0.43077864	1107.53184900	0.08446640	527.52171898	
92.50000000	0.43142130	1107.28535200	0.08459241	527.40431150	
92.60000000	0.43206396	1107.09801400	0.08471842	527.31508169	
92.70000000	0.43270662	1107.26563200	0.08484444	527.39491879	
92.80000000	0.43334928	1107.16703300	0.08497045	527.34795570	
92.90000000	0.43399195	1107.09801400	0.08509646	527.31508169	
93.00000000	0.43463461	1106.87123700	0.08522247	527.20706692	
93.10000000	0.43527727	1106.47684100	0.08534848	527.01921457	
93.20000000	0.43591993	1106.13174600	0.08547450	526.85484449	
93.30000000	0.43656259	1106.07258600	0.08560051	526.82666635	
93.40000000	0.43720526	1106.02328700	0.08572652	526.80318504	
93.50000000	0.43784792	1105.86552900	0.08585253	526.72804430	
93.60000000	0.43849058	1105.61903200	0.08597855	526.61063682	
93.70000000	0.43913324	1105.42183400	0.08610456	526.51671065	
93.80000000	0.43977590	1105.42183400	0.08623057	526.51671065	
93.90000000	0.44041857	1105.48099300	0.08635658	526.54488831	
94.00000000	0.44106123	1105.61903200	0.08648259	526.61063682	
94.10000000	0.44170389	1105.59931200	0.08660861	526.60124411	
94.20000000	0.44234655	1105.19505700	0.08673462	526.40869588	
94.30000000	0.44298921	1104.78094200	0.08686063	526.21145130	
94.40000000	0.44363188	1104.44570600	0.08698664	526.05177709	
94.50000000	0.44427454	1104.23864800	0.08711265	525.95315456	
94.60000000	0.44491720	1104.20906800	0.08723867	525.93906549	
94.70000000	0.44555986	1104.11046900	0.08736468	525.89210241	
94.80000000	0.44620252	1104.03159000	0.08749069	525.85453203	
94.90000000	0.44684519	1103.67663500	0.08761670	525.68546559	
95.00000000	0.44748785	1103.38083800	0.08774272	525.54457633	
95.10000000	0.44813051	1103.16392100	0.08786873	525.44125792	
95.20000000	0.44877317	1102.70050600	0.08799474	525.22053156	
95.30000000	0.44941583	1102.27653100	0.08812075	525.01859062	
95.40000000	0.45005850	1101.88213600	0.08824676	524.83073875	
95.50000000	0.45070116	1101.65535900	0.08837278	524.72272398	
95.60000000	0.45134382	1101.47788100	0.08849879	524.63819052	
95.70000000	0.45198648	1101.22152400	0.08862480	524.51608669	
95.80000000	0.45262914	1100.98488600	0.08875081	524.40337509	
95.90000000	0.45327181	1100.85670800	0.08887682	524.34232341	
96.00000000	0.45391447	1100.47217300	0.08900284	524.15916790	
96.10000000	0.45455713	1100.16651600	0.08912885	524.01358228	
96.20000000	0.45519979	1099.72282100	0.08925486	523.80224863	
96.30000000	0.45584245	1099.06220900	0.08938087	523.48759657	
96.40000000	0.45648512	1098.93403100	0.08950689	523.42654489	
96.50000000	0.45712778	1098.49033600	0.08963290	523.21521124	
96.60000000	0.45777044	1098.23397900	0.08975891	523.09310741	
96.70000000	0.45841310	1097.78042400	0.08988492	522.87707740	
96.80000000	0.45905576	1096.71555700	0.09001093	522.36987711	
96.90000000	0.45969843	1095.96620600	0.09013695	522.01295832	
97.00000000	0.46034109	1095.14783500	0.09026296	521.62316504	
97.10000000	0.46098375	1094.40834400	0.09038897	521.27094261	
97.20000000	0.46162641	1093.72801200	0.09051498	520.94689783	
97.30000000	0.46226908	1092.77160400	0.09064100	520.49135699	
97.40000000	0.46291174	1091.79547500	0.09076701	520.02642296	
97.50000000	0.46355440	1090.75032700	0.09089302	519.52861491	
97.60000000	0.46419706	1089.42910300	0.09101903	518.89931079	
97.70000000	0.46483972	1088.00928000	0.09114504	518.22304358	
97.80000000	0.46548239	1086.03730300	0.09127106	517.28378328	
97.90000000	0.46612505	1083.42443400	0.09139707	516.03926363	
98.00000000	0.46676771	1080.54534800	0.09152308	514.66794380	
98.10000000	0.46741037	1077.16340800	0.09164909	513.05711265	
98.20000000	0.46805303	1073.28847400	0.09177510	511.21146654	
98.30000000	0.46869570	1069.02900400	0.09190112	509.18266444	
98.40000000	0.46933836	1063.77368600	0.09202713	506.67953608	
98.50000000	0.46998102	1056.74358800	0.09215314	503.33107311	
98.60000000	0.47062368	1046.69636600	0.09227915	498.54554227	
